2016/3/8-747155|04,51,22,02,13,50,72,06,24,21,75,07,26,14,80,05,19,08,55,43
2016/3/8-747154|02,40,57,05,51,60,14,32,06,75,29,47,11,66,37,46,10,63,52,20
2016/3/8-747153|67,07,43,36,75,18,48,27,76,06,29,21,63,52,05,60,41,01,22,58
2016/3/8-747152|37,42,21,75,68,27,06,41,71,08,65,72,26,32,10,79,31,62,22,76
2016/3/8-747151|56,30,80,12,35,26,70,57,10,64,48,04,28,62,74,15,49,47,76,21
2016/3/8-747150|06,78,28,50,19,69,42,47,17,66,54,24,03,44,60,05,53,65,22,32
2016/3/8-747149|73,66,05,70,52,03,31,68,74,10,54,48,78,23,64,35,79,08,36,25
2016/3/8-747148|57,10,49,61,21,27,13,77,25,45,19,72,34,41,15,65,56,24,03,36
2016/3/8-747147|42,65,70,33,53,49,71,34,61,44,72,19,46,38,69,64,11,68,51,08
2016/3/8-747146|18,74,67,32,01,51,69,05,65,72,26,47,11,79,46,56,21,77,48,53
2016/3/8-747145|78,26,61,40,80,21,52,35,71,65,13,67,55,09,37,66,77,25,60,53
2016/3/8-747144|36,51,26,68,42,50,17,66,57,31,03,45,58,09,52,65,29,38,16,75
2016/3/8-747143|50,26,72,62,04,70,55,03,35,66,73,17,56,53,76,19,59,49,80,05
2016/3/8-747142|43,64,16,24,04,79,21,32,14,75,26,30,07,70,46,18,02,27,54,03
2016/3/8-747141|30,04,23,52,63,13,39,27,68,14,41,24,77,09,26,19,61,43,07,58
2016/3/8-747140|65,21,02,52,67,03,58,68,18,42,14,77,37,57,17,76,43,56,15,73
2016/3/8-747139|42,15,65,50,30,02,40,62,05,47,64,29,38,14,78,32,43,28,73,39
2016/3/8-747138|20,55,30,79,17,36,24,67,56,15,66,42,10,28,64,76,19,50,37,77
2016/3/8-747137|79,32,47,25,78,35,46,24,61,50,30,05,45,57,11,49,59,28,34,22
2016/3/8-747136|23,66,59,09,64,51,04,25,63,70,19,53,40,71,22,55,30,78,15,39
2016/3/8-747135|03,46,67,17,23,04,80,20,43,16,76,24,31,15,72,47,19,02,30,52
2016/3/8-747134|11,25,59,70,18,46,35,74,19,50,26,79,14,29,22,64,58,13,62,37
2016/3/8-747133|70,60,18,03,41,67,10,58,69,17,34,12,75,27,50,16,72,36,47,15
2016/3/8-747132|50,78,21,62,43,79,09,47,22,76,63,07,70,53,02,30,66,77,12,56
2016/3/8-747131|55,16,77,32,42,15,72,60,18,01,37,68,06,58,69,17,30,09,79,20
2016/3/8-747130|12,36,16,64,55,09,61,43,02,21,57,67,13,46,38,74,15,49,27,80
2016/3/8-747129|67,30,45,08,77,43,51,18,75,47,50,12,72,54,37,03,48,60,06,52
2016/3/8-747128|64,35,05,28,58,75,16,44,34,79,18,52,29,80,11,31,25,69,57,07
2016/3/8-747127|38,02,47,62,15,59,65,29,40,18,75,39,53,27,70,43,49,20,67,61
2016/3/8-747126|16,38,35,74,17,40,27,77,14,31,19,64,43,07,57,36,01,20,47,65
2016/3/8-747125|72,41,46,20,71,67,26,01,43,68,12,66,69,25,36,17,80,27,60,21
2016/3/8-747124|32,74,13,33,29,68,61,09,65,45,08,31,63,69,19,47,37,73,20,53
2016/3/8-747123|38,12,80,31,55,21,79,39,51,13,76,64,27,01,40,68,03,58,72,26
2016/3/8-747122|51,09,57,39,08,34,56,71,16,49,38,73,19,50,35,79,13,36,24,62
2016/3/8-747121|55,71,14,64,72,34,48,15,79,44,60,20,75,49,57,19,73,69,38,10
2016/3/8-747120|45,58,06,33,28,59,07,38,19,60,05,20,15,49,40,02,46,30,01,16
2016/3/8-747119|51,46,77,23,62,39,80,13,43,25,72,64,10,71,48,04,32,69,73,18
2016/3/8-747118|15,77,35,38,13,71,59,25,07,36,60,08,50,68,21,31,12,80,30,49
2016/3/8-747117|77,27,52,37,68,64,13,67,58,01,42,66,75,32,60,55,76,34,61,43
2016/3/8-747116|21,35,15,76,32,53,17,75,46,50,16,74,56,24,04,49,59,08,55,61
2016/3/8-747115|08,57,39,07,26,53,70,18,42,35,75,19,44,27,78,13,30,24,58,47
2016/3/8-747114|07,48,65,08,54,69,22,31,12,76,28,52,17,75,40,49,14,73,58,26
2016/3/8-747113|69,07,35,24,71,11,36,18,75,05,22,12,66,49,02,63,28,01,15,59
2016/3/8-747112|42,55,13,70,60,27,01,53,61,04,58,63,18,36,05,75,30,57,14,73
2016/3/8-747111|61,35,80,08,36,27,72,62,07,69,39,02,33,65,74,10,58,38,76,20
2016/3/8-747110|12,77,34,52,16,71,43,48,15,69,65,27,07,44,66,09,53,67,26,42
2016/3/8-747109|64,55,07,58,49,02,25,57,67,13,52,46,69,16,54,37,74,08,42,21
2016/3/8-747108|65,04,58,71,18,29,05,80,28,52,12,76,35,40,10,74,63,20,03,39
2016/3/8-747107|33,51,58,10,46,40,64,14,48,35,73,08,38,16,56,50,05,52,45,03
2016/3/8-747106|10,76,64,21,01,32,73,02,57,75,14,25,07,80,24,53,11,78,31,35
2016/3/8-747105|78,12,41,21,80,10,24,14,73,50,05,72,31,03,16,63,75,11,33,26
2016/3/8-747104|27,48,12,73,32,44,09,71,58,21,01,34,62,04,53,64,13,30,07,80
2016/3/8-747103|35,31,68,59,12,66,49,04,33,60,73,29,52,41,78,30,55,34,79,16
2016/3/8-747102|45,68,17,28,08,75,21,44,12,74,33,41,09,72,46,18,03,35,52,04
2016/3/8-747101|45,08,38,60,69,27,50,44,73,34,57,40,75,21,41,35,66,58,17,65
2016/3/8-747100|61,16,02,35,64,03,44,73,12,28,04,77,23,41,06,76,30,36,05,74
2016/3/8-747099|49,17,75,60,27,01,48,66,03,53,71,25,32,10,77,31,50,22,76,34
2016/3/8-747098|26,46,30,76,19,33,28,59,52,03,57,37,01,29,55,69,25,38,36,74
2016/3/8-747097|67,19,41,09,66,24,39,07,65,47,14,02,33,62,03,46,63,12,23,06
2016/3/8-747096|22,58,47,02,54,33,01,23,53,60,10,36,28,65,16,40,24,66,08,27
2016/3/8-747095|07,41,59,24,31,08,74,28,39,19,72,33,37,17,68,47,26,02,34,54
2016/3/8-747094|06,23,54,70,18,45,36,71,19,49,28,73,09,29,21,63,50,07,56,43
2016/3/8-747093|70,61,21,03,42,62,06,60,63,19,31,08,79,25,50,12,72,40,45,09
2016/3/8-747092|37,74,27,46,31,77,12,35,28,53,47,04,50,38,03,29,49,60,26,41
2016/3/8-747091|40,18,75,30,34,13,67,52,20,02,32,53,03,51,65,19,22,09,79,21
2016/3/8-747090|06,35,28,70,51,02,61,39,01,32,58,74,11,42,36,77,17,49,33,80
2016/3/8-747089|66,25,37,14,80,28,51,18,79,39,45,17,71,59,27,03,43,61,11,53
2016/3/8-747088|62,48,03,30,61,70,18,49,46,75,23,54,42,80,13,43,28,63,55,07
2016/3/8-747087|38,01,47,71,02,60,73,37,43,04,76,39,52,10,75,46,49,05,74,66
2016/3/8-747086|15,45,35,72,18,46,28,78,10,32,21,62,47,07,61,37,04,25,58,64
2016/3/8-747085|75,36,40,15,73,51,28,05,37,57,09,50,59,23,33,12,76,31,43,20
2016/3/8-747084|29,80,12,31,25,74,60,08,69,40,01,26,68,77,21,55,35,78,24,58
2016/3/8-747083|37,12,74,36,50,19,70,39,48,17,67,59,35,02,47,64,09,54,66,29
2016/3/8-747082|51,04,65,37,02,23,54,69,16,39,30,72,17,41,24,74,06,29,19,66
2016/3/8-747081|41,64,03,55,65,24,36,04,76,30,54,15,67,39,52,07,66,57,29,01
2016/3/8-747080|47,60,14,40,33,72,17,45,24,78,10,29,19,54,46,08,48,39,06,23
2016/3/8-747079|39,33,72,21,45,26,73,14,28,22,67,49,10,64,37,09,23,59,69,18
2016/3/8-747078|12,73,35,42,11,72,52,19,05,39,54,09,46,58,17,31,10,79,26,43
2016/3/8-747077|78,09,31,16,63,48,06,59,38,04,24,57,67,11,39,36,75,13,40,25
2016/3/8-747076|26,33,15,78,28,60,20,76,42,53,17,75,66,27,08,45,71,12,63,74
2016/3/8-747075|11,63,51,02,33,61,70,18,52,41,73,20,53,39,80,12,40,22,68,57
2016/3/8-747074|06,44,68,11,63,69,26,40,21,77,38,61,24,74,43,52,22,73,66,32
2016/3/8-747073|64,16,35,29,68,21,39,26,77,15,28,24,57,40,11,43,32,02,25,41
2016/3/8-747072|48,52,24,72,57,42,11,50,63,17,56,68,38,44,20,80,43,54,35,77
2016/3/8-747071|51,34,79,07,38,25,71,54,06,63,45,01,33,56,74,09,47,44,76,10
2016/3/8-747070|12,66,21,37,14,65,30,34,13,63,53,19,02,32,54,03,38,55,15,29
2016/3/7-747069|55,46,02,52,26,01,11,50,60,06,35,25,71,08,45,21,77,03,23,10
2016/3/7-747068|64,10,58,65,21,42,16,72,30,57,20,71,46,49,17,69,60,25,04,47
2016/3/7-747067|18,52,66,10,32,25,72,14,41,23,75,05,24,16,58,50,03,55,31,02
2016/3/7-747066|22,73,67,41,03,57,69,12,66,71,27,52,14,80,47,63,26,76,54,58
2016/3/7-747065|79,18,65,25,80,14,29,19,71,67,09,70,52,01,22,68,77,17,55,39
2016/3/7-747064|38,44,14,71,40,43,11,65,58,29,04,42,59,05,47,60,15,39,09,79
2016/3/7-747063|41,32,71,62,13,68,44,04,33,63,75,17,57,43,77,28,59,38,80,15
2016/3/7-747062|61,71,25,41,06,77,38,59,24,73,42,57,22,72,63,28,02,53,64,03
2016/3/7-747061|32,01,20,52,62,08,41,30,67,15,47,24,72,07,28,16,61,48,04,57
2016/3/7-747060|46,16,01,30,52,04,42,58,13,26,06,67,25,41,10,66,28,38,07,59
2016/3/7-747059|47,15,75,58,28,04,45,59,10,53,60,18,41,13,79,32,51,16,78,44
2016/3/7-747058|26,51,36,70,10,41,30,63,54,09,59,49,02,31,56,67,17,50,44,69
2016/3/7-747057|75,30,58,23,73,37,57,21,72,62,25,08,48,65,13,60,70,24,33,14
2016/3/7-747056|21,60,47,12,59,43,08,25,48,66,14,44,41,75,19,45,27,79,13,28
2016/3/7-747055|09,54,72,22,32,12,80,31,43,21,79,33,38,13,76,58,29,06,37,62
2016/3/7-747054|11,41,64,71,21,58,52,77,23,59,46,80,20,51,31,67,63,17,65,56
2016/3/7-747053|70,62,32,01,46,63,04,57,68,29,41,05,77,40,55,26,74,45,47,23
2016/3/7-747052|30,70,15,42,19,80,06,23,16,64,44,05,59,39,04,17,57,67,08,40
2016/3/7-747051|52,32,67,47,51,30,64,57,42,04,48,62,11,56,63,38,45,24,76,43
2016/3/7-747050|08,26,15,67,52,04,56,44,03,19,54,69,11,46,37,75,14,48,20,76
2016/3/7-747049|69,24,40,13,75,38,51,18,71,41,47,16,70,62,29,03,44,63,05,59
2016/3/7-747048|64,48,04,23,60,71,14,49,39,72,20,51,29,73,10,32,21,66,56,05
2016/3/7-747047|20,01,32,40,03,37,53,17,25,04,74,22,36,10,64,26,34,06,61,39
2016/3/7-747046|31,52,44,75,32,56,37,77,30,42,35,68,58,25,64,49,08,36,59,73
2016/3/7-747045|74,32,36,18,60,48,28,02,33,54,03,46,58,23,31,17,76,30,40,19
2016/3/7-747044|28,78,06,29,17,64,59,02,62,34,01,23,60,66,07,38,31,67,08,52
2016/3/7-747043|46,07,78,37,55,12,75,48,50,10,71,60,17,01,49,62,02,59,64,16
2016/3/7-747042|50,08,58,42,01,27,56,72,17,47,40,75,21,49,32,78,13,34,22,66
2016/3/7-747041|38,59,10,53,64,23,31,11,76,29,40,15,70,32,39,12,67,57,26,08
2016/3/7-747040|65,71,17,52,44,74,20,53,37,77,16,42,33,70,61,08,66,47,05,36
2016/3/7-747039|53,45,73,29,55,37,77,16,44,34,69,58,11,61,52,02,35,59,71,18
2016/3/7-747038|18,76,43,50,17,73,63,27,08,45,64,14,59,68,25,42,16,80,36,55
2016/3/7-747037|80,23,52,48,77,64,10,75,56,06,49,70,78,25,58,54,79,38,63,50
2016/3/7-747036|30,41,17,78,40,58,25,76,47,54,21,74,63,33,03,51,66,08,60,73
2016/3/7-747035|12,52,35,04,23,50,69,15,37,33,73,20,40,24,80,13,26,21,61,43
2016/3/7-747034|06,51,68,14,59,72,37,47,15,77,46,58,34,74,50,53,18,73,62,40
2016/3/7-747033|66,17,41,35,69,18,46,23,78,16,26,21,63,48,15,59,36,07,22,49
2016/3/7-747032|30,36,17,67,51,24,09,34,60,13,49,61,20,29,14,73,28,47,19,69
2016/3/7-747031|60,39,76,21,40,31,71,63,19,67,51,08,34,65,72,23,54,49,75,24
2016/3/7-747030|16,71,33,52,29,70,41,51,22,66,61,32,09,45,63,10,58,65,31,36
2016/3/7-747029|67,58,10,66,50,06,34,61,70,15,53,48,74,19,55,36,80,12,42,32
2016/3/7-747028|60,06,57,70,26,35,21,80,33,50,25,78,37,43,22,76,58,29,05,40
2016/3/7-747027|30,57,71,20,44,38,73,26,49,31,79,08,34,28,69,55,07,68,39,05
2016/3/7-747026|11,65,56,29,02,41,59,04,54,63,24,35,05,74,34,48,18,70,40,47
2016/3/7-747025|66,15,43,29,73,07,35,24,55,45,02,54,39,01,28,49,59,12,40,38
2016/3/7-747024|33,65,22,77,47,62,18,75,67,32,03,50,69,07,66,73,29,46,10,80
2016/3/7-747023|42,29,62,58,13,61,46,03,40,60,65,18,54,43,77,28,57,41,78,15
2016/3/7-747022|41,54,19,29,15,78,28,36,18,76,32,35,17,66,42,27,01,34,49,07
2016/3/7-747021|38,04,25,53,66,17,49,32,73,18,50,26,80,15,27,24,65,51,05,60
2016/3/7-747020|48,23,02,38,50,07,46,53,22,32,10,80,24,42,20,75,37,39,14,69
2016/3/7-747019|50,19,69,59,37,07,47,61,08,55,64,23,41,18,74,38,54,20,70,44
2016/3/7-747018|23,56,30,80,15,33,25,64,60,13,63,53,07,28,61,67,17,54,44,77
2016/3/7-747017|79,39,57,31,78,41,44,17,73,63,38,04,42,69,13,59,71,37,40,16
2016/3/7-747016|31,72,55,26,65,51,18,36,62,74,28,52,46,76,29,54,38,79,27,43
2016/3/7-747015|10,63,72,32,39,20,76,38,54,30,74,42,52,25,73,65,35,07,45,67
2016/3/7-747014|04,32,65,77,27,54,45,78,29,55,34,80,20,35,30,76,56,08,69,50
2016/3/7-747013|75,68,16,07,51,69,08,67,72,14,33,09,80,18,66,12,77,44,65,11
2016/3/7-747012|33,69,13,44,29,80,05,31,17,52,45,03,51,34,01,26,48,60,12,38
2016/3/7-747011|51,25,76,38,47,23,73,58,35,07,40,70,11,56,72,32,37,20,79,36
2016/3/7-747010|09,31,17,68,55,05,60,35,01,22,58,73,13,43,34,77,16,53,28,80
2016/3/7-747009|73,28,46,16,80,42,56,24,76,47,54,22,75,63,32,03,53,65,08,57
2016/3/7-747008|49,35,01,23,47,69,13,38,31,76,16,42,29,80,12,30,18,66,43,08
2016/3/7-747007|32,01,48,58,03,53,62,31,36,22,77,33,52,28,67,47,51,27,65,54
2016/3/7-747006|06,30,27,72,08,43,20,77,05,21,09,58,44,02,51,29,01,11,46,65
2016/3/7-747005|78,39,49,23,77,66,34,06,42,67,08,52,75,31,38,17,80,35,50,30
2016/3/7-747004|46,80,18,48,43,70,65,10,68,56,02,44,67,73,31,57,51,76,32,62
2016/3/7-747003|24,08,77,20,45,12,73,26,29,11,71,49,19,01,28,53,04,47,68,14
2016/3/7-747002|52,09,64,35,02,26,63,70,18,47,31,75,24,48,29,77,10,30,25,65
2016/3/7-747001|38,48,05,45,51,16,31,06,76,28,43,11,69,36,41,10,52,46,24,04
2016/3/7-747000|55,73,10,43,28,76,14,48,19,80,09,26,15,64,50,06,56,31,01,18
2016/3/7-746999|53,41,78,30,58,37,79,21,39,31,75,63,08,68,46,03,34,67,77,24
2016/3/7-746998|18,74,26,40,16,71,59,22,07,29,69,11,53,70,21,25,13,79,23,42
2016/3/7-746997|80,13,36,20,67,51,06,59,43,04,23,55,72,14,47,37,75,15,49,34
2016/3/7-746996|17,45,12,80,24,56,16,77,51,53,13,74,64,19,01,52,68,10,61,69
2016/3/7-746995|02,46,27,01,23,44,57,07,33,26,68,17,38,24,74,05,25,20,53,42
2016/3/7-746994|05,44,63,06,59,70,22,38,09,77,34,51,19,76,42,45,18,74,61,25
2016/3/7-746993|63,15,41,37,66,18,42,28,74,10,29,25,56,48,09,51,40,04,26,50
2016/3/7-746992|22,36,05,49,44,15,02,31,46,03,41,47,10,21,04,73,20,38,08,50
2016/3/7-746991|51,36,77,12,38,24,64,55,06,63,45,02,34,61,73,16,47,40,74,18
2016/3/7-746990|07,69,26,41,09,63,36,40,08,62,55,13,01,39,57,04,49,61,12,32
2016/3/7-746989|68,56,02,64,42,01,31,60,70,20,49,37,71,23,52,33,80,18,34,27
2016/3/7-746988|66,02,44,69,19,27,05,77,26,36,14,76,33,35,06,71,50,23,01,34
2016/3/7-746987|37,66,72,29,55,45,78,33,59,39,80,11,40,35,70,65,09,69,53,01
2016/3/7-746986|20,74,62,35,10,48,63,17,53,70,31,39,18,79,37,50,26,75,44,49
2016/3/7-746985|77,27,57,41,80,20,44,28,74,60,04,71,49,02,37,64,76,26,51,48
2016/3/7-746984|43,56,33,75,46,55,27,73,62,41,02,52,67,19,58,71,38,45,21,79
2016/3/7-746983|23,15,59,47,06,56,30,02,18,52,70,11,35,25,75,14,41,21,78,10
2016/3/7-746982|59,67,27,37,16,78,35,56,24,76,40,48,20,72,61,33,12,44,62,14
2016/3/7-746981|27,03,18,48,59,13,36,26,68,15,38,23,69,10,25,16,51,46,07,49
2016/3/7-746980|66,26,01,52,69,03,65,70,20,34,05,79,32,64,18,78,41,63,11,75
2016/3/7-746979|39,16,64,49,24,02,37,51,08,44,56,21,31,12,78,27,43,19,72,33
2016/3/7-746978|24,56,42,76,16,48,34,67,57,07,65,51,02,38,59,71,21,54,49,74
2016/3/7-746977|74,25,48,17,68,31,45,16,62,55,24,02,40,58,04,54,61,18,29,09
2016/3/7-746976|35,66,58,15,64,43,14,37,59,69,31,44,41,70,33,49,38,71,18,40
2016/3/7-746975|04,53,63,18,28,11,80,26,41,13,73,32,37,12,65,58,24,01,33,61
2016/3/7-746974|03,20,67,72,09,34,24,79,14,49,21,80,06,22,17,70,57,04,68,27
2016/3/7-746973|65,59,22,01,41,60,13,58,63,21,25,14,74,24,47,16,70,36,43,15
2016/3/7-746972|39,74,20,51,35,78,15,37,24,69,52,11,65,42,05,34,60,72,17,46
2016/3/7-746971|47,19,65,39,44,12,64,54,29,08,43,58,09,52,59,26,36,11,67,35
2016/3/7-746970|13,32,22,71,64,11,69,51,02,23,68,72,15,60,34,75,21,63,31,80
2016/3/7-746969|75,20,30,04,80,27,52,15,78,34,40,14,77,56,22,01,35,72,03,55
2016/3/7-746968|59,43,02,37,55,63,18,48,42,69,23,51,38,72,09,39,35,61,54,07
2016/3/7-746967|27,01,43,60,08,53,62,26,31,11,76,28,47,25,72,34,45,15,69,59
2016/3/7-746966|14,38,35,63,17,41,28,73,08,34,18,54,48,04,52,37,02,25,51,56
2016/3/7-746965|75,42,50,17,72,57,28,08,46,58,11,56,68,27,32,16,76,29,52,25
2016/3/7-746964|25,78,12,27,18,63,50,09,60,39,08,21,59,64,13,43,29,65,17,47
2016/3/7-746963|34,12,79,32,65,20,76,35,59,16,74,67,26,01,49,69,04,66,72,21
2016/3/7-746962|53,11,59,41,03,24,57,68,16,44,38,69,18,47,26,71,12,28,20,65
2016/3/7-746961|53,72,07,64,74,28,44,09,79,43,63,19,78,47,59,12,76,69,38,03
2016/3/7-746960|57,72,17,44,31,76,19,48,26,77,14,30,24,71,56,10,65,38,06,25
2016/3/7-746959|54,36,78,11,57,20,79,07,34,14,73,59,06,71,52,01,15,66,75,08
2016/3/7-746958|11,72,31,34,10,68,48,20,03,32,54,05,44,67,14,29,06,78,28,37
2016/3/7-746957|78,05,30,18,66,57,04,62,39,03,19,58,71,10,42,33,76,13,47,25
2016/3/7-746956|29,38,14,73,35,50,21,70,40,44,17,69,54,34,04,41,64,10,53,67
2016/3/7-746955|10,68,39,09,34,63,73,13,40,37,75,17,41,35,79,12,36,31,70,62
2016/3/7-746954|07,38,62,08,53,68,17,31,10,78,25,48,16,77,35,42,15,76,54,18
2016/3/7-746953|75,18,52,45,77,28,55,38,79,15,41,31,64,59,07,62,46,02,36,61
2016/3/7-746952|34,39,17,70,59,25,07,38,63,10,57,69,24,30,13,78,29,42,22,76
2016/3/7-746951|41,20,79,03,24,11,62,42,02,54,26,01,19,52,66,04,27,25,68,09
2016/3/7-746950|07,79,33,58,12,77,40,52,08,74,63,17,02,44,64,04,60,70,15,39
2016/3/7-746949|64,54,05,57,50,02,24,55,67,09,52,49,68,11,53,32,79,08,33,16
2016/3/7-746948|63,10,51,64,30,41,19,74,34,50,28,69,44,47,20,66,57,32,06,45
2016/3/7-746947|16,48,75,08,37,31,76,13,44,17,80,07,26,14,58,45,04,53,33,01
2016/3/7-746946|19,66,56,28,01,43,61,09,50,64,26,36,18,70,34,47,25,69,41,44
2016/3/7-746945|74,35,56,45,75,30,48,40,66,57,10,61,51,01,43,59,70,31,55,50
2016/3/7-746944|36,53,24,78,46,52,22,71,63,31,02,48,65,05,54,69,25,37,10,79
2016/3/7-746943|30,21,65,57,04,63,39,01,27,58,73,08,45,35,79,12,56,28,80,05
2016/3/7-746942|66,75,18,31,10,80,21,57,17,79,39,49,11,76,68,19,08,43,73,09
2016/3/7-746941|33,05,21,62,71,12,46,32,74,13,49,22,76,10,24,20,66,50,08,63
2016/3/7-746940|46,13,02,39,54,03,43,58,12,25,04,78,16,41,09,73,32,40,07,71
2016/3/7-746939|33,10,71,52,19,02,30,55,06,49,65,17,25,08,78,21,38,13,76,26
2016/3/7-746938|08,60,16,80,04,29,09,72,65,03,70,34,01,10,69,75,07,58,31,78
2016/3/7-746937|75,25,45,15,74,38,44,14,71,62,23,02,40,66,05,59,68,16,37,06
2016/3/7-746936|20,74,49,04,66,37,03,21,52,75,18,40,30,78,19,47,26,79,13,27
2016/3/7-746935|07,65,73,30,47,15,78,42,59,25,77,50,57,24,75,69,35,03,54,72
2016/3/7-746934|06,22,63,73,12,41,29,75,13,49,23,79,08,24,14,72,54,07,69,36
2016/3/7-746933|71,59,25,02,42,65,06,56,67,22,34,08,79,30,54,15,72,36,46,10
2016/3/7-746932|29,72,10,46,16,74,05,17,11,69,57,04,67,37,02,12,60,70,08,45
2016/3/7-746931|53,22,77,41,52,20,75,55,26,07,45,56,10,54,72,23,33,11,78,32
2016/3/7-746930|20,39,26,71,66,14,68,53,06,36,67,76,21,61,51,77,24,65,37,78
2016/3/7-746929|65,15,26,03,76,22,41,14,71,28,35,09,67,43,17,01,32,56,02,42
2016/3/7-746928|72,37,03,25,68,77,20,38,32,78,22,43,29,79,19,30,24,76,67,13
2016/3/7-746927|22,03,41,60,06,56,65,19,34,08,80,25,48,17,78,35,44,14,70,58
2016/3/7-746926|16,48,43,76,20,52,37,79,15,40,27,67,55,14,61,46,09,30,60,69
2016/3/7-746925|77,43,48,20,76,67,39,05,44,72,07,64,75,30,41,15,80,40,61,25
2016/3/7-746924|42,80,16,43,33,61,57,09,60,52,02,40,58,76,19,55,50,79,32,56
2016/3/7-746923|23,10,80,21,51,16,79,40,45,11,73,59,18,02,44,66,05,53,71,17
2016/3/7-746922|64,12,74,55,06,33,73,77,20,60,44,79,24,61,34,80,17,41,29,76
2016/3/7-746921|45,66,04,61,68,19,29,08,80,25,51,12,79,44,47,10,72,65,23,02
2016/3/7-746920|62,73,26,56,46,77,31,57,37,79,17,43,35,66,61,14,63,47,01,36
2016/3/7-746919|42,39,75,08,52,18,76,05,37,12,70,59,04,66,41,03,16,65,72,07
2016/3/7-746918|25,74,37,49,14,73,63,28,09,46,71,11,56,72,26,33,12,77,31,51
2016/3/7-746917|78,14,32,27,64,52,06,62,35,05,29,60,68,16,39,33,75,21,50,31
2016/3/7-746916|31,44,12,78,41,59,30,76,46,53,14,69,62,35,07,47,65,10,60,68
2016/3/7-746915|07,65,40,05,21,61,69,13,47,31,75,15,49,26,78,11,28,19,67,59
2016/3/7-746914|06,37,56,11,45,72,22,28,15,79,27,41,21,78,32,38,16,73,48,25
2016/3/7-746913|70,13,37,32,72,15,40,23,79,10,30,16,54,41,08,46,33,01,20,43
2016/3/7-746912|46,48,23,75,54,39,10,47,55,12,52,63,31,43,17,80,40,49,30,76
2016/3/7-746911|62,50,78,20,51,38,74,64,18,73,56,09,45,69,75,27,58,52,77,31
2016/3/7-746910|12,77,34,45,22,73,40,43,20,72,58,32,02,41,65,10,47,66,23,36
2016/3/7-746909|74,61,08,67,39,05,25,65,78,18,47,37,79,19,56,26,80,16,35,24
2016/3/7-746908|54,17,50,55,26,42,19,66,39,48,25,65,43,47,22,60,53,35,03,46
2016/3/7-746907|24,58,77,11,48,35,78,14,52,28,80,10,30,18,72,56,07,67,45,06
2016/3/7-746906|31,71,63,35,11,52,64,15,61,66,34,38,27,77,36,60,33,74,39,56
2016/3/7-746905|74,17,49,25,78,09,31,20,63,50,06,62,46,04,21,53,71,16,47,35
2016/3/7-746904|35,46,22,74,39,42,20,73,57,30,09,41,59,15,52,65,24,37,19,77
2016/3/7-746903|39,22,67,54,03,60,44,01,25,55,71,10,45,43,77,12,46,36,78,06
2016/3/7-746902|62,70,31,38,13,79,37,61,27,77,39,44,20,76,66,34,01,41,69,04
2016/3/7-746901|40,06,31,57,74,24,42,39,79,25,49,32,80,17,36,29,60,50,08,59
2016/3/7-746900|61,27,04,42,65,09,59,74,25,29,17,80,28,47,24,77,40,44,18,76
2016/3/7-746899|44,19,76,56,29,06,39,72,10,54,75,24,36,17,80,34,53,23,78,38
2016/3/7-746898|16,42,24,78,10,30,20,62,50,05,56,33,01,21,53,71,11,38,31,76
2016/3/7-746897|80,45,58,32,79,50,56,30,78,67,43,03,52,70,10,61,76,40,46,20
2016/3/7-746896|18,65,60,10,63,53,05,23,62,68,13,55,47,73,16,57,26,79,12,40
2016/3/7-746895|07,61,66,14,23,09,77,18,55,11,76,32,53,10,70,62,15,02,36,64
2016/3/7-746894|02,16,55,60,08,44,34,74,10,53,27,79,06,33,15,59,54,04,58,43
2016/3/7-746893|75,65,23,02,37,71,03,56,74,21,28,04,78,24,51,15,77,35,38,08
2016/3/7-746892|34,72,19,45,28,76,10,33,23,59,46,07,54,43,06,25,47,67,18,44
2016/3/7-746891|50,16,68,43,47,10,64,54,31,04,45,58,05,53,59,22,35,07,79,32
2016/3/6-746890|11,30,17,65,54,10,59,33,05,18,56,70,12,34,31,75,15,52,20,76
2016/3/6-746889|65,37,50,23,77,45,56,35,70,51,55,27,68,61,42,10,54,63,19,58
2016/3/6-746888|57,48,01,24,56,66,12,50,46,70,15,51,27,76,09,36,16,63,53,02
2016/3/6-746887|17,01,30,52,04,47,53,16,19,05,80,18,34,13,72,24,31,10,64,48
2016/3/6-746886|37,53,48,75,38,54,44,76,28,46,39,66,58,16,63,51,15,40,60,74
2016/3/6-746885|77,46,49,13,75,62,22,01,48,66,03,61,67,21,44,07,78,36,50,14
2016/3/6-746884|23,78,11,24,17,47,36,05,42,27,02,18,40,57,13,29,25,72,14,34
2016/3/6-746883|27,07,73,23,49,12,71,40,45,08,70,59,21,03,44,64,06,51,65,13
2016/3/6-746882|56,10,62,46,02,32,57,71,23,50,43,74,28,54,37,79,11,39,31,66
2016/3/6-746881|40,65,10,50,73,27,35,11,79,32,44,18,78,38,43,13,77,51,29,09
2016/3/6-746880|65,68,10,55,43,74,19,57,29,80,09,35,20,67,63,08,66,50,05,23
2016/3/6-746879|42,38,69,19,45,31,71,15,35,21,61,58,06,60,41,01,26,59,63,18
2016/3/6-746878|18,71,30,40,17,68,54,22,05,35,57,07,51,61,19,28,13,74,25,47
2016/3/6-746877|79,11,32,22,60,41,09,58,36,04,28,46,67,16,39,34,74,21,40,31
2016/3/6-746876|17,28,06,78,26,48,15,76,31,39,14,75,62,22,01,35,67,05,57,68
2016/3/6-746875|05,67,34,03,17,60,71,12,40,25,75,13,56,21,79,06,24,15,70,58
2016/3/6-746874|06,43,63,10,52,66,25,31,11,77,29,47,22,74,35,44,16,68,55,28
2016/3/6-746873|65,08,43,25,68,11,46,21,71,07,23,12,51,48,06,50,40,03,14,49
2016/3/6-746872|35,39,09,67,57,26,02,36,64,04,49,65,20,34,07,78,28,45,13,73
2016/3/6-746871|48,33,77,12,40,24,63,52,10,60,44,07,28,56,70,17,45,42,71,19
2016/3/6-746870|09,78,26,48,15,76,35,40,11,67,58,23,05,38,60,07,57,65,22,32
2016/3/6-746869|69,55,02,68,42,01,16,58,71,08,45,26,76,12,49,18,78,07,25,14
2016/3/6-746868|65,07,53,69,22,30,12,77,28,48,21,73,34,39,13,72,64,25,01,36
2016/3/6-746867|27,56,71,22,44,39,73,23,50,28,77,18,30,24,65,54,09,63,41,01
2016/3/6-746866|14,76,64,26,04,34,68,10,61,72,21,31,11,80,30,57,19,78,32,47
2016/3/6-746865|73,32,51,42,77,22,43,34,58,53,17,57,46,01,41,55,66,28,50,45
2016/3/6-746864|35,60,27,78,39,52,21,75,70,34,01,47,72,06,67,74,29,38,09,79
2016/3/6-746863|32,16,62,52,08,59,41,05,28,54,70,10,42,38,71,14,49,29,77,09
2016/3/6-746862|59,67,36,47,23,79,46,56,34,77,48,54,30,68,63,45,02,52,64,05
2016/3/6-746861|52,05,21,62,67,08,53,43,75,13,54,28,76,07,39,16,64,56,06,63
2016/3/6-746860|58,27,04,49,61,06,54,62,13,36,07,79,35,52,11,74,37,51,10,72
2016/3/6-746859|58,19,74,69,30,14,54,72,16,66,73,25,49,18,79,39,64,22,77,51
2016/3/6-746858|19,52,33,76,11,36,22,70,54,08,60,44,01,29,59,73,12,46,43,75
2016/3/6-746857|76,26,49,17,72,29,39,10,67,55,25,01,30,59,04,51,62,21,27,09
2016/3/6-746856|24,65,56,04,64,46,03,26,62,68,17,48,42,71,23,51,27,80,13,33
2016/3/6-746855|07,54,75,18,25,08,79,24,46,15,78,33,44,09,76,57,19,01,38,62
2016/3/6-746854|08,22,41,62,18,36,29,71,19,37,25,74,12,27,21,54,39,09,45,32
2016/3/6-746853|70,60,25,01,45,62,02,58,67,18,39,04,77,31,50,17,76,44,46,10
2016/3/6-746852|48,79,13,58,36,80,08,45,25,73,59,07,71,49,02,29,70,77,10,51
2016/3/6-746851|56,20,78,49,53,14,67,62,32,04,52,64,07,60,66,27,41,11,80,38
2016/3/6-746850|08,29,17,58,42,07,52,31,04,18,47,62,11,32,30,67,14,35,19,77
2016/3/6-746849|68,17,35,09,76,22,64,15,71,40,55,13,70,66,20,02,42,67,04,65
2016/3/6-746848|64,43,04,22,58,73,12,47,41,79,16,49,26,80,11,37,20,68,54,10
2016/3/6-746847|28,07,49,56,08,54,58,23,41,11,73,39,53,17,69,45,51,15,64,55
2016/3/6-746846|16,50,40,75,26,56,30,80,12,37,27,72,64,10,70,45,08,29,66,74
2016/3/6-746845|72,53,57,24,70,67,46,01,54,68,05,60,69,45,49,10,80,48,59,37
2016/3/6-746844|36,73,09,37,29,65,59,06,64,42,02,33,61,68,13,44,40,69,16,49
2016/3/6-746843|36,19,74,33,42,22,72,37,40,20,69,45,32,06,38,62,07,43,65,31
2016/3/6-746842|62,03,65,56,01,32,64,72,11,60,51,73,16,61,41,80,06,50,28,71
2016/3/6-746841|49,66,04,61,67,19,42,06,79,39,57,10,74,45,54,09,73,63,23,03
2016/3/6-746840|62,71,16,46,42,73,22,52,38,78,06,40,32,69,55,05,67,45,04,35
2016/3/6-746839|54,48,74,14,55,39,76,08,41,20,67,60,06,65,53,03,37,63,68,09
2016/3/6-746838|21,78,41,52,17,75,67,33,04,43,73,13,64,74,32,35,15,80,34,63
2016/3/6-746837|75,10,22,16,51,39,08,47,29,05,17,43,56,12,35,23,73,14,38,21
2016/3/6-746836|26,38,11,80,37,49,18,79,39,45,17,75,62,36,03,43,63,04,50,66
2016/3/6-746835|17,67,52,08,38,65,76,25,56,47,77,27,60,40,79,24,41,36,73,62
2016/3/6-746834|09,45,69,10,64,71,34,41,14,77,38,57,31,76,44,49,28,73,67,36
2016/3/6-746833|69,15,37,34,71,19,39,32,77,10,33,27,67,55,09,63,35,02,31,57
2016/3/6-746832|43,51,18,78,69,32,08,50,72,09,68,75,30,39,11,80,37,54,24,79
2016/3/6-746831|56,33,78,10,42,24,71,60,04,64,51,03,31,61,72,12,53,44,77,16
2016/3/6-746830|07,75,27,51,18,72,32,39,13,70,53,23,02,35,54,05,52,67,20,31
2016/3/6-746829|54,39,03,53,30,02,20,52,56,12,32,28,68,13,38,23,74,10,25,15
2016/3/6-746828|69,11,52,72,23,33,13,77,32,44,20,76,37,39,16,73,59,31,04,38
2016/3/6-746827|16,62,69,08,37,27,77,10,55,24,78,05,25,11,67,57,04,66,35,02
2016/3/6-746826|19,64,57,34,01,42,58,07,54,62,32,38,15,70,36,52,24,69,41,48
2016/3/6-746825|70,25,48,32,73,19,40,26,66,53,05,65,44,03,27,57,68,24,45,41
2016/3/6-746824|39,60,22,71,46,51,19,69,65,27,05,48,67,06,62,68,24,44,11,78
2016/3/6-746823|37,27,68,58,16,67,46,13,30,62,70,22,54,39,75,23,56,36,78,17
2016/3/6-746822|53,70,26,36,14,78,33,50,25,75,37,48,16,73,62,29,05,46,63,11
2016/3/6-746821|31,02,18,44,68,14,34,30,70,16,37,22,79,09,28,17,65,41,04,62
2016/3/6-746820|45,15,06,34,58,07,44,69,13,25,08,80,18,41,12,75,32,36,09,71
2016/3/6-746819|55,25,72,64,30,08,51,68,14,60,70,29,33,20,74,31,56,28,73,49
2016/3/6-746818|17,37,21,74,13,29,19,64,39,12,62,35,03,20,41,70,15,36,33,71
2016/3/6-746817|78,31,55,20,77,41,51,19,69,60,30,01,48,61,09,59,67,27,40,11
2016/3/6-746816|24,65,50,10,57,45,04,33,54,70,17,48,43,71,23,49,37,77,16,39
2016/3/6-746815|06,61,66,16,33,07,75,29,60,15,74,34,59,11,73,62,21,03,48,64
2016/3/6-746814|02,37,62,69,24,55,46,70,28,56,38,76,21,39,32,68,58,03,65,52
2016/3/6-746813|69,52,26,05,41,53,07,48,54,24,33,10,74,29,46,22,72,37,45,13
2016/3/6-746812|37,76,08,48,32,80,06,34,10,57,51,03,56,38,01,31,53,63,07,42
2016/3/6-746811|55,26,74,45,52,23,68,62,34,08,51,65,09,58,66,28,42,16,76,38
2016/3/6-746810|13,40,29,68,56,11,59,47,04,35,57,71,15,52,45,72,18,54,39,79
2016/3/6-746809|74,37,53,23,78,44,63,35,77,54,61,28,75,66,40,14,55,72,16,65
2016/3/6-746808|65,44,03,32,63,70,20,53,41,71,29,54,33,73,19,39,31,68,59,12
2016/3/6-746807|31,01,51,65,05,58,66,29,39,11,77,36,54,24,75,49,52,23,71,64
2016/3/6-746806|13,55,51,73,32,59,48,77,11,50,38,69,61,08,66,53,03,46,63,71
2016/3/6-746805|76,43,49,25,68,57,33,06,45,66,18,54,67,31,39,22,78,36,51,28
2016/3/6-746804|23,79,12,26,19,63,52,08,61,34,03,22,59,73,14,36,28,76,15,42
2016/3/6-746803|36,10,72,29,52,15,67,37,47,12,65,57,21,02,41,58,08,55,61,18
2016/3/6-746802|64,12,67,44,10,27,66,76,20,48,42,79,21,58,37,80,17,39,24,74
2016/3/6-746801|41,66,03,57,68,17,34,05,80,25,53,15,77,38,43,10,75,65,21,01
2016/3/6-746800|61,67,20,51,35,70,21,56,30,80,06,32,28,63,60,04,62,49,01,29
2016/3/6-746799|34,29,72,18,37,22,80,11,25,19,55,44,05,54,30,04,20,48,57,15
2016/3/6-746798|32,75,43,50,23,68,63,35,12,46,65,19,59,67,34,41,21,76,39,53
2016/3/6-746797|79,12,34,22,57,52,08,56,43,02,23,54,64,18,46,36,75,19,48,31
2016/3/6-746796|22,38,06,76,31,50,14,67,43,48,12,65,54,24,01,44,56,03,53,62
2016/3/6-746795|07,72,39,02,23,62,75,13,41,35,77,14,57,27,80,10,30,18,73,59
2016/3/6-746794|02,42,59,07,53,61,19,30,13,78,29,52,17,76,39,46,14,65,56,23
2016/3/6-746793|61,18,41,34,74,23,45,29,78,16,33,24,55,47,08,54,36,05,28,50
2016/3/6-746792|38,51,18,72,66,22,11,50,67,13,64,71,20,36,14,80,30,52,19,78
2016/3/6-746791|48,34,74,12,41,19,64,50,04,55,44,03,30,52,65,13,45,42,68,17
2016/3/6-746790|15,79,42,65,23,76,51,57,19,74,68,41,08,52,69,09,66,70,39,50
2016/3/6-746789|72,60,03,68,49,01,22,64,76,09,52,42,77,14,53,25,80,05,35,20
2016/3/6-746788|62,04,59,65,31,48,13,77,41,58,26,75,49,57,23,74,60,40,03,52
2016/3/6-746787|41,68,76,27,57,51,79,31,64,43,80,07,45,39,72,66,03,70,54,02
2016/3/6-746786|19,72,60,32,03,45,66,07,54,69,26,39,12,80,33,48,22,75,44,47
2016/3/6-746785|69,18,45,24,77,06,26,22,62,48,05,59,35,01,23,51,67,12,39,32
2016/3/6-746784|30,55,12,76,36,46,10,75,57,23,03,43,63,05,56,73,22,35,09,79
2016/3/6-746783|29,24,61,51,03,60,36,02,26,53,67,11,43,33,75,15,50,28,80,04
2016/3/6-746782|53,70,26,30,16,78,29,49,20,77,31,48,18,75,54,28,09,46,68,12
2016/3/6-746781|40,03,23,50,67,13,42,37,70,19,44,31,80,09,35,20,58,49,05,57
2016/3/6-746780|61,36,03,49,66,09,59,70,30,38,18,79,37,57,27,77,40,52,20,75
2016/3/6-746779|55,21,71,60,31,04,51,61,13,58,66,29,37,15,79,34,56,26,75,43
2016/3/6-746778|23,52,32,78,06,35,24,65,54,05,59,39,03,26,58,69,22,48,37,71
2016/3/6-746777|76,39,51,28,74,42,48,17,73,64,33,06,44,68,12,54,70,32,41,14
2016/3/6-746776|23,71,64,02,69,59,01,30,66,72,05,60,57,76,14,63,35,78,03,55
2016/3/6-746775|11,64,74,30,41,16,80,38,62,20,77,43,50,18,75,69,36,09,48,71
2016/3/6-746774|07,40,66,71,23,59,50,75,28,63,44,80,16,48,36,70,64,15,67,52
2016/3/6-746773|67,50,19,01,37,54,05,49,55,10,25,07,80,24,39,09,79,26,38,08
2016/3/6-746772|49,72,30,59,41,74,14,43,32,70,60,09,69,51,06,34,66,71,15,56
2016/3/6-746771|33,08,75,25,32,07,73,65,14,04,26,66,05,53,68,11,21,06,80,20
2016/3/6-746770|12,39,26,67,52,03,64,47,01,32,53,70,20,48,41,72,23,50,34,78
2016/3/6-746769|67,17,36,08,77,30,52,16,74,42,51,15,71,63,21,04,48,65,05,55
2016/3/6-746768|68,49,08,26,67,74,17,54,42,75,18,56,32,77,12,36,22,72,64,10
2016/3/6-746767|23,02,44,69,03,58,74,15,39,06,79,30,54,11,76,40,52,08,75,61
2016/3/6-746766|12,41,31,78,16,56,24,80,11,28,18,62,57,07,61,34,01,22,59,72
2016/3/6-746765|70,29,38,15,67,55,21,04,35,64,05,48,66,20,28,06,72,26,44,17
2016/3/6-746764|35,79,15,38,26,67,57,14,64,41,12,33,63,70,20,48,39,75,21,51
2016/3/6-746763|20,05,80,19,37,15,68,22,26,14,61,55,18,01,24,56,04,43,59,16
2016/3/6-746762|54,13,57,50,01,26,55,62,20,52,47,74,21,53,31,79,19,38,23,61
2016/3/6-746761|50,68,10,63,71,27,44,11,79,39,57,22,77,49,56,13,73,64,38,07
2016/3/6-746760|53,65,21,44,36,71,22,45,27,77,13,29,24,63,48,12,58,41,05,26
2016/3/6-746759|38,36,72,13,39,31,75,08,32,20,62,52,07,59,37,06,29,57,66,11
2016/3/6-746758|10,74,30,36,08,65,56,17,02,34,59,04,50,62,11,24,05,79,19,47
2016/3/6-746757|79,15,36,25,69,58,14,62,50,11,26,61,70,20,52,37,76,24,55,34
2016/3/6-746756|34,47,13,80,46,63,27,75,55,62,15,73,65,43,01,61,67,07,64,69
2016/3/6-746755|03,66,50,01,33,63,70,17,52,49,75,27,55,34,79,10,39,30,68,59
2016/3/6-746754|04,48,61,08,57,72,23,34,10,78,28,54,15,77,42,50,13,73,58,26
2016/3/6-746753|69,07,44,38,70,15,46,33,78,06,37,21,57,50,05,54,41,01,22,51
2016/3/6-746752|42,47,25,67,56,32,05,45,63,08,55,66,31,41,24,73,40,48,26,72
2016/3/6-746751|36,15,75,05,21,10,69,50,03,66,27,01,14,60,71,06,29,23,73,07
2016/3/6-746750|16,80,37,61,27,79,47,55,26,77,68,36,07,54,70,15,62,72,32,46
2016/3/6-746749|62,55,14,61,42,12,36,58,63,18,44,41,75,24,53,38,76,15,40,27
2016/3/6-746748|66,09,63,71,27,42,20,80,34,51,26,79,45,47,22,73,64,30,04,46
2016/3/6-746747|28,61,71,22,54,47,75,23,55,30,78,17,31,27,65,58,06,63,53,05
2016/3/6-746746|18,68,58,23,01,47,59,14,56,64,22,33,15,78,25,54,20,76,37,52
2016/3/6-746745|71,16,59,24,73,11,33,20,66,63,09,65,46,08,22,64,70,15,51,45
2016/3/6-746744|22,57,15,78,31,48,14,77,67,20,05,33,70,10,65,71,17,24,12,79
2016/3/6-746743|29,18,63,49,07,60,34,06,20,52,64,12,38,31,68,15,41,23,80,09
2016/3/6-746742|57,67,37,48,30,80,44,56,34,76,49,52,33,68,58,39,08,51,66,24
2016/3/6-746741|38,03,29,56,74,12,39,35,75,15,41,30,76,10,33,24,66,54,05,61
2016/3/6-746740|47,24,01,30,52,06,46,57,20,27,10,73,25,44,18,65,28,38,15,61
2016/3/6-746739|45,11,70,64,21,01,41,66,07,52,67,14,33,09,75,23,49,12,72,38
2016/3/6-746738|21,45,31,74,09,32,23,67,49,07,64,39,01,30,58,71,12,41,33,73
2016/3/6-746737|77,17,38,09,70,27,34,06,64,51,12,03,30,55,04,43,58,11,23,05
2016/3/6-746736|34,73,56,16,68,49,05,39,57,74,19,51,48,76,29,54,44,78,18,47
2016/3/6-746735|17,63,72,27,46,22,79,40,60,26,77,47,59,25,76,69,35,12,52,70
2016/3/6-746734|08,23,62,69,15,48,45,73,16,49,34,77,11,39,20,65,59,09,63,46
2016/3/6-746733|76,67,25,05,47,70,06,64,73,24,32,08,79,29,62,19,78,40,50,16
2016/3/6-746732|45,77,15,53,30,79,05,35,18,71,58,02,67,48,01,19,61,76,06,50
2016/3/6-746731|41,25,54,33,39,22,53,47,29,04,34,48,12,45,52,27,32,19,59,30
2016/3/6-746730|11,32,17,71,60,10,65,42,02,29,64,75,12,54,38,76,13,58,31,77
2016/3/6-746729|56,15,24,09,80,22,37,11,79,31,36,10,71,51,20,01,34,55,02,46
2016/3/6-746728|68,50,01,23,59,73,07,52,31,78,15,54,24,80,06,27,17,72,55,03
2016/3/6-746727|30,03,38,59,04,44,70,24,35,09,80,33,41,17,76,36,40,15,71,46
2016/3/6-746726|13,56,43,75,19,62,37,77,08,42,33,72,63,05,67,53,02,34,64,74
2016/3/6-746725|75,55,60,09,73,67,20,03,59,69,05,66,70,16,41,06,80,34,64,12
2016/3/6-746724|25,79,12,29,23,68,52,10,65,32,07,24,63,73,16,39,31,74,22,49
2016/3/6-746723|30,10,78,21,42,14,77,35,38,11,73,46,18,02,37,60,07,43,69,16
2016/3/6-746722|72,06,76,57,04,29,75,78,18,58,54,79,24,67,42,80,10,52,26,77
2016/3/6-746721|59,74,24,70,75,44,50,36,80,48,66,42,79,53,62,38,77,72,47,19
2016/3/6-746720|69,73,13,46,42,75,15,54,31,78,07,39,19,72,62,02,70,43,01,20
2016/3/6-746719|59,55,78,15,60,52,79,10,53,27,73,61,09,67,56,05,43,65,76,13
2016/3/6-746718|23,76,44,54,20,75,71,30,02,46,72,08,66,73,26,38,18,78,31,56
2016/3/6-746717|78,06,25,20,55,44,05,54,28,01,22,46,62,07,30,26,66,14,38,24
2016/3/6-746716|19,23,08,80,22,45,16,75,35,44,09,73,51,20,01,40,54,03,47,71
2016/3/6-746715|06,60,42,03,27,59,66,13,44,40,69,19,47,31,79,07,37,20,65,49
2016/3/6-746714|01,43,63,02,53,66,28,33,03,80,31,48,25,74,41,45,04,68,59,30
2016/3/6-746713|77,19,47,44,78,32,51,38,80,13,39,35,75,56,11,72,45,07,36,66
2016/3/6-746712|33,43,13,61,50,20,02,36,58,03,46,59,17,28,04,79,27,45,16,69
2016/3/5-746711|38,25,79,12,27,17,62,41,09,59,32,04,20,58,71,13,36,31,77,15
2016/3/5-746710|14,80,32,56,18,74,42,55,17,71,63,27,03,50,66,06,62,68,21,37
2016/3/5-746709|63,50,05,59,38,03,16,54,65,08,39,36,70,09,40,31,76,07,35,13
2016/3/5-746708|65,05,52,67,28,37,08,79,31,49,19,77,38,44,11,75,63,29,01,40
2016/3/5-746707|35,56,75,30,51,44,78,33,53,36,79,09,42,34,73,54,08,65,46,07
2016/3/5-746706|08,72,57,18,02,33,68,03,54,70,17,30,06,78,27,52,16,76,31,40
2016/3/5-746705|77,17,45,25,79,12,33,18,71,49,09,65,37,08,23,64,72,13,41,34
2016/3/5-746704|21,46,12,76,26,40,09,73,58,18,02,35,64,06,53,70,13,22,07,77
2016/3/5-746703|35,18,67,50,05,59,41,04,20,57,73,07,42,40,74,10,46,30,76,06
2016/3/5-746702|52,68,15,25,10,77,22,44,14,75,29,40,13,74,63,17,07,33,67,08
2016/3/5-746701|32,01,17,58,74,08,37,25,75,12,52,19,77,03,22,13,70,54,02,61
2016/3/5-746700|61,38,01,49,63,02,60,66,31,40,07,75,39,53,20,74,42,50,08,69
2016/3/5-746699|34,07,70,47,18,02,29,55,03,41,58,13,24,05,79,21,37,09,71,28
2016/3/5-746698|20,58,35,78,10,43,22,71,61,09,66,50,05,34,63,73,16,56,45,75
2016/3/5-746697|76,39,55,33,72,42,51,32,66,59,37,07,48,60,18,56,61,36,40,27
2016/3/5-746696|15,68,60,04,67,41,03,21,65,74,10,48,36,77,13,58,26,79,06,29
2016/3/5-746695|02,60,68,16,37,03,80,33,54,08,74,46,53,07,70,62,24,01,48,63
2016/3/5-746694|01,38,59,62,22,54,48,75,33,55,44,76,21,47,37,61,57,03,60,49
2016/3/5-746693|69,54,25,11,39,59,13,53,67,20,33,14,77,29,44,17,74,37,40,16
2016/3/5-746692|43,73,17,51,32,77,09,33,18,70,63,07,68,47,03,24,67,71,10,48
2016/3/5-746691|42,22,71,33,38,21,69,46,25,02,36,57,06,44,63,23,29,13,79,28
2016/3/5-746690|06,35,16,71,59,04,70,42,02,26,62,74,13,49,39,77,14,58,29,79
2016/3/5-746689|56,27,34,06,72,33,43,11,69,37,41,07,58,52,28,01,39,53,04,44
2016/3/5-746688|62,38,09,19,49,67,14,40,34,69,15,42,29,70,12,31,17,66,48,10
2016/3/5-746687|32,02,39,64,03,57,67,23,36,04,75,33,46,12,74,38,44,10,69,63
2016/3/5-746686|21,58,42,76,22,60,35,78,18,40,23,74,61,09,70,50,08,30,65,75
2016/3/5-746685|74,48,57,21,73,66,40,01,49,68,06,63,71,38,47,08,76,41,61,33
2016/3/5-746684|29,79,17,33,26,68,51,15,67,35,03,28,61,73,19,42,34,74,22,48
2016/3/5-746683|38,12,76,37,43,15,69,40,42,13,68,51,26,01,41,53,06,45,65,20
2016/3/5-746682|70,16,75,62,09,48,73,78,34,65,60,79,35,67,50,80,28,59,41,76
2016/3/5-746681|40,66,13,62,69,26,35,15,80,33,49,21,79,38,42,17,76,64,32,08
2016/3/5-746680|55,65,13,48,38,75,15,53,28,80,12,31,20,62,54,05,61,42,04,24
2016/3/5-746679|53,42,76,20,54,31,78,13,40,22,71,55,06,62,50,04,23,59,73,17
2016/3/5-746678|22,71,38,44,21,64,59,30,12,42,61,15,48,62,25,35,16,72,33,46
2016/3/5-746677|80,14,37,26,72,62,07,70,42,05,29,69,73,20,53,41,75,22,55,32
2016/3/5-746676|12,21,06,74,19,38,09,65,27,36,07,64,51,16,03,33,53,05,46,62
2016/3/5-746675|07,62,41,02,21,57,68,09,43,38,72,10,48,25,75,08,35,20,64,51
2016/3/5-746674|02,37,52,06,47,54,25,33,09,71,32,43,16,59,34,40,15,55,51,26
2016/3/5-746673|59,12,29,26,61,13,30,21,79,10,23,16,48,31,06,47,28,05,19,36
2016/3/5-746672|39,43,15,69,55,31,01,40,56,04,50,64,19,37,07,80,35,46,16,74
2016/3/5-746671|48,27,80,06,43,19,71,50,05,65,45,02,21,54,77,11,47,44,79,17
2016/3/5-746670|06,77,23,43,16,76,30,41,09,71,54,19,03,33,55,04,50,56,17,25
2016/3/5-746669|65,46,05,59,37,03,26,50,67,09,41,34,71,18,44,28,76,06,29,21
2016/3/5-746668|68,04,63,69,33,56,05,77,44,62,27,74,57,60,20,70,67,43,03,59
2016/3/5-746667|32,59,66,21,51,43,77,28,55,37,80,19,40,29,65,57,18,62,50,02
2016/3/5-746666|16,68,61,27,03,41,63,09,50,65,24,34,14,77,32,47,21,76,37,42
2016/3/5-746665|76,15,49,29,80,09,37,17,72,53,03,64,44,01,27,54,74,13,47,42
2016/3/5-746664|39,58,20,71,43,50,08,70,61,34,01,49,62,06,60,65,22,42,07,75
2016/3/5-746663|37,27,72,65,05,70,52,02,32,67,74,20,55,46,75,26,58,36,79,09
2016/3/5-746662|59,64,18,36,07,68,26,58,14,67,43,57,09,65,60,24,04,45,62,06
2016/3/5-746661|44,07,30,56,63,19,48,40,67,26,52,33,72,16,34,27,59,54,08,58
2016/3/5-746660|69,22,02,44,70,03,64,75,21,25,17,79,24,62,19,78,37,48,18,76
2016/3/5-746659|60,12,69,66,33,07,55,67,09,62,68,25,37,10,80,35,61,18,77,41
2016/3/5-746658|19,50,30,74,10,31,23,66,51,02,64,48,01,28,59,67,14,49,38,69
2016/3/5-746657|80,41,57,23,78,48,55,12,76,65,36,04,52,70,05,64,72,33,42,09
2016/3/5-746656|19,72,58,03,63,47,02,23,62,73,12,48,46,77,15,54,40,78,04,41
2016/3/5-746655|09,49,68,27,39,10,79,35,48,13,77,42,47,11,76,55,28,06,44,63
2016/3/5-746654|16,32,65,71,21,53,40,75,27,55,33,78,18,35,28,70,64,17,68,42
2016/3/5-746653|76,68,23,01,55,69,05,65,73,22,37,09,79,29,63,17,78,42,56,10
2016/3/5-746652|37,75,19,42,35,77,14,36,23,69,44,12,57,39,06,32,45,73,15,41
2016/3/5-746651|62,28,78,44,55,22,76,66,33,01,50,72,08,63,74,29,43,20,79,35
2016/3/5-746650|04,25,18,57,51,02,56,36,01,19,53,59,05,45,32,75,10,46,22,76
2016/3/5-746649|71,37,53,19,77,48,59,25,76,55,58,20,75,65,40,06,56,67,09,62
2016/3/5-746648|64,54,06,43,63,71,18,55,53,72,20,57,46,80,08,48,28,68,60,07
2016/3/5-746647|28,15,42,55,18,52,56,26,36,20,80,29,50,25,78,37,48,22,60,53
2016/3/5-746646|21,50,40,73,25,51,36,74,20,37,26,64,52,09,59,43,05,29,57,71
2016/3/5-746645|75,26,32,04,69,49,12,01,31,52,02,47,63,09,23,03,76,16,37,08
2016/3/5-746644|24,77,06,28,19,66,57,05,62,33,02,20,61,67,08,40,29,74,09,56
2016/3/5-746643|30,06,80,19,53,12,72,35,46,07,64,56,17,02,38,58,05,54,63,16
2016/3/5-746642|55,06,59,47,03,33,57,71,19,48,38,75,21,49,35,78,10,37,28,61
2016/3/5-746641|50,71,10,58,74,38,48,25,80,43,55,36,77,49,52,31,75,61,42,08
2016/3/5-746640|56,67,19,51,38,69,21,52,36,76,18,37,24,66,54,10,61,46,04,26
2016/3/5-746639|54,49,77,12,56,37,80,10,38,26,70,64,07,68,50,02,34,67,72,11
2016/3/5-746638|09,70,27,36,08,68,57,17,01,33,65,03,56,66,10,25,05,71,21,44
2016/3/5-746637|79,09,34,20,69,61,07,68,40,01,23,63,74,10,56,35,76,16,59,32
2016/3/5-746636|14,24,09,78,18,54,13,75,25,50,12,73,65,15,01,42,68,05,56,72
2016/3/5-746635|09,55,37,01,21,53,69,16,38,35,76,18,44,31,77,10,32,19,61,50
2016/3/5-746634|01,30,69,02,60,73,12,22,03,79,20,44,08,76,28,31,05,75,67,14
2016/3/5-746633|73,09,50,40,74,10,58,25,79,06,36,12,72,65,04,71,45,01,15,67
2016/3/5-746632|32,34,15,66,55,21,05,33,60,09,54,62,20,29,13,80,26,39,18,68
2016/3/5-746631|51,23,79,09,29,17,61,52,07,57,36,02,21,55,75,12,42,34,78,16
2016/3/5-746630|11,77,42,56,16,75,50,52,14,72,62,34,02,51,69,10,61,70,28,49
2016/3/5-746629|61,48,11,56,35,07,21,51,69,15,39,34,74,16,42,26,80,13,31,20
2016/3/5-746628|59,11,48,62,29,33,20,79,32,46,24,73,35,39,22,66,53,31,05,37
2016/3/5-746627|16,47,64,07,34,30,73,13,36,20,75,05,23,14,59,39,04,52,33,03
2016/3/5-746626|19,72,66,35,06,47,68,09,64,70,30,42,17,80,36,55,28,78,44,52
2016/3/5-746625|77,23,47,28,78,15,30,24,64,50,10,63,38,03,25,62,76,21,46,35
2016/3/5-746624|34,52,16,72,42,50,13,71,59,27,02,48,63,06,54,65,25,39,12,74
2016/3/5-746623|30,19,72,60,10,70,39,03,20,67,76,15,49,37,78,16,56,23,79,11
2016/3/5-746622|48,70,20,35,15,74,31,46,19,73,42,44,17,72,51,28,06,43,57,08
2016/3/5-746621|47,03,33,69,76,17,50,44,79,22,60,39,80,11,42,26,75,64,05,73
2016/3/5-746620|59,31,02,38,63,10,50,68,26,36,13,77,33,44,25,75,37,41,22,74
2016/3/5-746619|41,11,62,47,21,01,40,51,07,46,55,16,30,08,78,28,43,13,69,39
2016/3/5-746618|20,64,38,80,12,40,34,70,65,07,69,56,02,37,66,75,17,59,51,79
2016/3/5-746617|76,33,45,29,71,40,44,25,63,59,32,11,43,61,16,58,62,30,36,20
2016/3/5-746616|32,69,61,07,65,50,01,39,64,71,18,57,49,76,31,58,42,78,08,46
2016/3/5-746615|26,57,62,38,45,29,78,44,52,33,77,47,50,32,74,58,42,12,48,60
2016/3/5-746614|09,39,65,74,33,51,49,78,34,57,42,80,30,44,35,73,59,10,69,50
2016/3/5-746613|73,63,32,02,53,68,07,62,72,31,51,10,77,40,58,21,76,52,55,19
2016/3/5-746612|42,75,29,60,37,76,26,40,34,70,61,06,67,51,02,36,63,73,28,56
2016/3/5-746611|47,12,78,31,44,10,65,56,19,01,38,57,02,48,60,18,23,03,79,21
2016/3/5-746610|19,44,30,74,68,18,71,51,13,35,70,76,21,53,45,77,26,64,39,80
2016/3/5-746609|65,18,26,08,80,22,42,15,67,28,40,14,66,51,19,03,39,56,07,47
2016/3/5-746608|55,43,03,34,54,69,09,44,39,71,17,45,35,74,06,37,25,60,53,05
2016/3/5-746607|21,06,34,59,08,50,65,19,26,10,75,24,47,16,69,30,46,12,68,55
2016/3/5-746606|10,45,42,76,12,47,29,79,07,31,21,72,50,03,68,44,02,27,55,74
2016/3/5-746605|65,37,44,07,59,54,18,01,41,55,02,49,57,17,30,04,80,26,47,15
2016/3/5-746604|43,77,14,47,27,67,57,05,62,51,01,30,58,69,21,52,48,70,24,54
2016/3/5-746603|42,24,75,34,56,26,74,46,51,25,73,63,32,03,47,65,05,58,69,30
2016/3/5-746602|54,14,62,49,01,35,58,72,26,51,46,73,30,52,41,76,21,45,31,66
2016/3/5-746601|38,55,10,43,56,21,33,11,79,25,40,19,75,35,39,14,57,51,23,08
2016/3/5-746600|63,70,23,50,35,74,24,51,29,75,17,34,26,65,55,11,64,36,03,28
2016/3/5-746599|48,44,72,22,54,34,79,10,35,24,66,58,05,65,46,04,31,62,68,17
2016/3/5-746598|35,78,53,59,33,73,66,48,12,54,68,17,62,70,42,52,19,80,51,60
2016/3/5-746597|68,07,28,18,57,44,04,54,33,02,22,53,65,09,37,29,66,13,43,23
2016/3/5-746596|24,35,15,79,30,58,22,75,44,49,21,67,64,29,03,48,65,14,63,66
2016/3/5-746595|15,64,50,05,36,63,75,25,51,47,78,27,54,41,79,18,43,35,68,59
2016/3/5-746594|01,45,65,05,52,68,36,43,06,72,40,51,25,70,44,48,13,69,57,39
2016/3/5-746593|71,15,47,37,72,18,49,31,76,11,32,23,68,52,05,55,39,02,26,54
2016/3/5-746592|34,47,19,70,54,26,06,42,60,09,53,68,21,33,17,80,32,50,20,79
2016/3/5-746591|46,28,76,07,29,15,68,52,03,61,38,01,16,56,69,11,45,31,71,12
2016/3/5-746590|19,72,39,54,24,71,49,53,22,69,60,34,07,51,66,08,57,67,25,40
2016/3/5-746589|63,54,04,60,40,01,34,56,64,13,43,39,73,17,53,37,79,05,38,32
2016/3/5-746588|47,12,42,52,26,32,18,75,30,39,25,74,33,36,19,58,45,29,01,34
2016/3/5-746587|27,63,75,15,47,38,79,18,54,28,80,12,32,24,71,61,04,69,39,03
2016/3/5-746586|13,74,63,23,01,45,66,08,61,68,16,36,09,79,35,52,14,78,39,51
2016/3/5-746585|75,21,44,30,76,16,31,25,64,45,05,49,37,02,26,47,70,20,41,32
2016/3/5-746584|22,44,10,71,25,43,05,69,47,18,01,34,54,02,46,64,15,23,03,74
2016/3/5-746583|23,13,48,37,05,44,33,02,19,42,50,08,34,30,68,10,35,21,71,06
2016/3/5-746582|49,59,20,31,12,77,26,45,18,74,32,42,16,68,51,21,07,37,58,11
2016/3/5-746581|55,01,30,66,75,12,58,50,78,16,59,40,80,07,44,18,71,62,02,67
2016/3/5-746580|56,27,01,41,59,06,55,63,24,34,07,72,31,52,21,68,39,46,17,67
2016/3/5-746579|50,17,73,66,26,06,48,68,10,61,72,23,41,14,77,37,56,21,75,42
2016/3/5-746578|35,59,42,80,22,47,36,67,60,11,66,55,08,37,61,68,30,57,50,75
2016/3/5-746577|78,49,59,22,77,51,55,13,76,68,26,03,53,74,09,65,75,24,50,10
2016/3/5-746576|15,73,65,04,72,50,02,31,70,75,07,52,38,79,14,60,33,80,05,37
2016/3/5-746575|05,60,68,23,33,14,74,29,52,21,73,38,47,19,69,62,27,04,45,66
2016/3/5-746574|05,38,59,76,19,49,46,77,31,52,43,80,18,45,34,61,57,13,60,47
2016/3/5-746573|57,41,27,04,36,44,09,40,50,19,32,13,76,31,39,17,73,33,37,14
2016/3/5-746572|33,74,18,41,24,79,12,32,19,66,49,09,64,34,08,20,56,70,13,39
2016/3/5-746571|49,17,76,29,41,13,74,60,22,02,33,66,04,54,71,21,28,09,80,26
2016/3/5-746570|04,25,10,70,60,03,66,46,01,12,64,71,07,52,44,72,09,55,15,73
2016/3/5-746569|69,28,32,09,79,31,52,25,76,37,46,10,70,57,29,01,44,64,08,53
2016/3/5-746568|63,44,01,28,53,68,13,45,43,76,19,46,33,80,12,38,25,65,49,02
2016/3/5-746567|31,04,41,52,05,47,58,29,33,08,76,32,45,26,67,36,43,14,59,50
2016/3/5-746566|13,47,44,72,22,50,36,79,08,43,23,66,51,05,54,45,01,29,52,70
2016/3/5-746565|74,35,53,15,73,64,26,02,37,65,03,59,66,23,31,09,80,28,54,19
2016/3/5-746564|29,77,11,31,22,69,51,07,68,43,04,23,64,74,14,44,33,76,21,48
2016/3/5-746563|41,18,77,39,50,34,67,45,49,20,65,54,36,07,47,55,16,53,58,35
2016/3/5-746562|49,10,57,36,03,29,50,74,21,47,33,78,25,48,31,79,12,32,26,72
2016/3/5-746561|35,56,03,46,58,13,26,04,80,18,45,06,74,28,37,05,65,51,17,01
2016/3/5-746560|67,77,08,49,38,78,09,53,17,79,07,18,12,75,59,04,73,48,02,14
2016/3/5-746559|52,45,77,23,53,37,79,20,39,25,70,58,05,65,48,01,26,60,76,21
2016/3/5-746558|16,64,36,44,14,60,52,21,07,42,53,10,49,55,19,33,13,77,32,46
2016/3/5-746557|79,09,39,27,67,54,05,59,41,03,30,56,68,10,42,40,78,24,50,38
2016/3/5-746556|20,24,10,78,23,35,13,73,26,34,11,72,41,21,01,29,65,07,37,68
2016/3/5-746555|22,65,47,14,27,62,75,24,54,38,76,25,57,32,77,23,35,26,70,61
2016/3/5-746554|01,38,55,10,53,56,21,32,13,74,30,50,19,70,35,42,18,57,54,22
2016/3/5-746553|76,11,50,41,78,17,52,34,79,09,35,19,74,59,07,66,43,06,26,64
2016/3/5-746552|36,53,09,75,64,25,05,48,68,06,63,73,19,28,07,80,27,58,15,78
2016/3/5-746551|42,32,77,08,33,19,67,50,06,64,35,04,21,59,68,12,40,34,76,13
2016/3/5-746550|11,79,31,55,21,68,41,46,14,65,61,25,03,42,63,07,58,64,24,32
2016/3/5-746549|66,57,07,64,46,02,26,63,69,11,51,40,76,21,52,28,80,10,34,25
2016/3/5-746548|70,02,59,71,30,38,10,80,32,54,17,79,41,46,14,75,61,31,01,42
2016/3/5-746547|29,54,70,21,46,33,75,25,47,31,76,09,32,28,63,51,06,60,37,04
2016/3/5-746546|16,67,59,29,06,41,60,13,55,62,25,38,15,79,32,50,19,70,39,47
2016/3/5-746545|72,27,60,39,78,13,42,31,70,62,05,65,49,03,36,64,71,24,54,43
2016/3/5-746544|35,49,14,76,40,43,12,75,56,25,06,41,60,07,50,70,15,37,11,78
2016/3/5-746543|29,24,67,54,05,58,35,02,26,57,68,12,36,34,72,22,48,28,79,10
2016/3/5-746542|48,58,21,29,04,73,26,43,16,61,31,40,12,59,49,25,01,34,55,03
2016/3/5-746541|30,02,25,60,70,19,31,29,74,22,38,26,80,16,27,24,67,51,09,62
2016/3/5-746540|67,33,08,48,70,09,66,71,31,39,20,78,37,65,30,75,46,61,21,74
2016/3/5-746539|42,06,63,55,16,01,38,60,03,51,62,11,22,04,80,21,46,10,69,27
2016/3/5-746538|17,48,26,78,14,29,21,69,51,06,66,42,05,25,54,70,16,46,41,72
2016/3/5-746537|78,39,58,27,76,53,57,24,75,62,38,02,54,67,10,61,73,28,40,12
2016/3/5-746536|19,62,53,12,59,46,05,23,56,68,17,51,40,71,18,52,33,72,16,36
2016/3/5-746535|14,54,64,22,40,16,80,34,51,20,67,41,49,17,65,57,25,01,48,59
2016/3/5-746534|04,18,57,64,11,44,33,75,13,45,25,79,09,30,16,59,47,05,58,34
2016/3/5-746533|73,63,27,04,44,66,12,57,69,23,36,14,80,28,51,17,75,43,48,16
2016/3/4-746532|41,77,16,53,35,79,10,39,30,75,55,05,71,45,01,34,57,76,13,46
2016/3/4-746531|62,30,74,44,60,27,72,64,33,02,56,65,16,63,71,31,39,25,80,38
2016/3/4-746530|10,39,29,70,59,08,66,44,05,32,63,74,14,46,42,77,27,54,34,80
2016/3/4-746529|71,20,31,12,80,30,56,15,75,37,54,13,74,65,27,02,45,66,10,61
2016/3/4-746528|63,52,06,23,62,72,10,57,44,77,13,58,34,79,08,38,18,70,61,07
2016/3/4-746527|22,07,43,57,09,52,60,17,37,13,77,33,48,16,72,41,47,14,68,54
2016/3/4-746526|07,45,24,70,11,46,20,76,05,22,12,62,51,04,57,30,02,14,52,65
2016/3/4-746525|78,41,46,14,76,64,23,01,43,66,03,63,69,19,37,10,79,30,48,16
2016/3/4-746524|30,79,12,38,21,65,60,09,64,45,01,28,62,70,13,48,39,74,15,54
2016/3/4-746523|39,07,79,31,56,13,74,40,53,11,72,68,22,01,50,69,04,66,70,21
2016/3/4-746522|51,08,66,36,01,25,61,68,12,47,35,71,16,48,28,75,11,34,20,67
2016/3/4-746521|38,65,04,47,66,18,30,10,77,26,40,16,71,31,39,15,67,50,22,03
2016/3/4-746520|60,69,07,50,37,75,10,56,30,80,03,35,12,67,58,02,63,39,01,23
2016/3/4-746519|43,34,73,08,51,29,74,06,33,13,64,57,02,61,41,01,16,60,65,07
2016/3/4-746518|24,79,46,60,19,75,68,37,01,54,72,08,63,74,25,45,11,80,41,61
2016/3/4-746517|80,12,37,30,70,55,06,65,43,05,34,56,71,20,53,39,75,22,54,36
2016/3/4-746516|32,40,19,80,35,53,27,79,46,50,21,75,67,34,12,48,68,17,63,71
2016/3/4-746515|08,70,49,03,26,68,72,19,51,38,74,20,52,27,79,14,31,23,71,64
2016/3/4-746514|04,30,55,10,47,68,21,25,15,80,24,42,20,75,29,39,18,74,48,23
2016/3/4-746513|65,15,42,39,68,20,44,25,72,14,36,23,63,47,12,57,40,05,24,50
2016/3/4-746512|35,42,24,72,56,32,04,40,58,13,47,64,31,34,16,76,33,44,29,75
2016/3/4-746511|61,44,80,13,45,28,75,66,03,69,55,02,39,67,77,16,56,51,79,21
2016/3/4-746510|13,80,35,56,19,78,46,49,16,66,60,30,08,47,62,11,58,65,24,42
2016/3/4-746509|72,66,11,68,59,01,34,67,74,18,60,45,76,21,63,38,77,13,40,29
2016/3/4-746508|55,05,47,73,23,33,11,80,29,46,19,79,37,43,12,76,54,24,02,40
2016/3/4-746507|28,52,64,09,43,38,65,22,44,32,72,04,34,26,63,51,02,58,42,01
2016/3/4-746506|13,69,53,30,02,44,56,03,48,66,19,37,09,79,32,46,18,74,43,45
2016/3/4-746505|77,35,68,51,78,24,56,38,73,69,18,72,62,07,49,70,75,31,63,57
2016/3/4-746504|31,43,14,65,36,41,10,56,47,23,01,40,48,05,44,49,19,34,07,69
2016/3/4-746503|39,26,71,67,06,70,46,01,30,68,73,18,64,45,75,21,66,31,78,10
2016/3/4-746502|57,65,22,39,09,79,33,49,16,74,41,48,13,71,63,25,01,43,64,08
2016/3/4-746501|42,10,34,54,65,20,44,41,72,23,49,35,79,19,40,29,63,52,17,55
2016/3/4-746500|65,27,03,39,68,04,59,76,21,30,08,80,29,55,13,79,38,40,12,77
2016/3/4-746499|34,15,66,52,27,01,33,53,04,50,56,24,31,08,73,29,40,18,72,32
2016/3/4-746498|25,44,32,79,17,35,30,65,52,02,63,41,01,31,62,72,24,43,36,77
2016/3/4-746497|73,34,52,27,66,38,47,25,63,54,33,18,44,56,21,53,57,28,35,22
2016/3/4-746496|30,64,54,08,60,50,01,35,57,68,22,52,48,69,24,53,38,70,16,41
2016/3/4-746495|06,57,67,24,40,11,74,38,50,20,73,44,47,19,71,58,36,05,46,59
2016/3/4-746494|01,15,62,72,06,49,42,78,08,51,23,80,04,37,09,71,59,02,69,44
2016/3/4-746493|68,61,28,02,51,62,06,60,65,14,46,09,78,44,53,13,74,48,52,12
2016/3/4-746492|31,52,16,44,26,61,10,27,17,49,45,09,48,32,01,25,46,51,12,41
2016/3/4-746491|47,25,75,38,44,22,74,51,30,03,42,57,08,50,65,26,36,19,77,31
2016/3/4-746490|11,34,26,64,47,10,63,38,07,27,49,65,13,43,37,72,25,46,29,73
2016/3/4-746489|63,26,41,12,76,40,51,25,68,43,50,15,66,54,28,01,49,56,11,52
2016/3/4-746488|61,44,04,39,58,64,22,47,43,77,33,52,41,78,17,42,37,62,57,11
2016/3/4-746487|27,01,42,67,04,55,69,20,33,05,79,28,47,16,71,41,46,10,70,59
2016/3/4-746486|17,47,38,73,18,53,28,77,14,37,22,68,55,05,59,46,01,25,56,70
2016/3/4-746485|61,27,32,08,57,49,14,01,29,53,04,43,56,12,23,07,69,21,39,11
2016/3/4-746484|38,77,21,40,30,66,57,18,63,48,16,32,60,67,23,50,45,76,24,52
2016/3/4-746483|53,16,79,42,61,34,77,55,58,25,75,68,38,11,57,72,13,67,74,37
2016/3/4-746482|47,03,56,35,01,20,48,60,10,36,31,71,13,37,28,72,05,29,19,57
2016/3/4-746481|42,64,04,59,69,17,26,07,80,24,47,12,76,29,45,10,74,60,18,02
2016/3/4-746480|66,72,07,44,33,78,08,49,15,79,06,22,09,70,60,03,69,38,01,11
2016/3/4-746479|46,37,69,18,49,27,75,11,33,21,65,53,10,62,43,07,22,57,67,17
2016/3/4-746478|20,76,51,64,11,75,70,32,06,56,71,07,69,72,25,46,08,77,45,66
2016/3/4-746477|80,18,41,35,69,65,13,68,55,07,39,67,74,21,57,47,76,30,59,40
2016/3/4-746476|17,27,09,78,24,48,14,77,32,47,11,73,52,18,02,45,54,06,50,58
2016/3/4-746475|06,68,43,03,30,61,70,20,55,37,72,21,59,32,80,12,36,29,69,60
2016/3/4-746474|04,43,63,09,55,67,22,33,12,79,30,50,19,77,37,48,14,74,60,28
2016/3/4-746473|74,15,42,38,75,24,43,30,80,06,36,27,71,52,04,67,40,02,29,60
2016/3/4-746472|31,52,05,70,58,20,01,46,68,02,55,69,15,30,03,80,28,53,08,72
2016/3/4-746471|46,14,79,06,22,11,55,47,05,51,28,01,12,48,57,08,43,26,76,10
2016/3/4-746470|08,70,29,49,12,68,35,43,09,67,57,27,03,36,59,04,53,60,22,32
2016/3/4-746469|64,47,11,63,40,02,33,57,70,18,43,39,79,20,46,36,80,14,38,25
2016/3/4-746468|61,06,39,70,15,23,09,78,22,33,13,74,25,32,11,73,40,19,04,31
2016/3/4-746467|36,66,69,23,59,56,70,28,61,38,76,11,42,32,68,65,08,67,57,04
2016/3/4-746466|11,77,62,17,01,50,72,03,61,74,16,33,05,79,31,57,15,78,39,54
2016/3/4-746465|74,29,52,45,75,13,46,32,63,54,11,60,49,10,35,55,67,27,51,47
2016/3/4-746464|16,51,12,66,26,33,10,61,56,15,02,28,57,08,55,58,13,21,09,71
2016/3/4-746463|36,26,67,54,06,66,38,03,31,62,69,14,51,37,74,18,52,33,80,12
2016/3/4-746462|57,64,18,33,04,73,32,51,09,68,36,44,05,65,58,21,01,41,59,03
2016/3/4-746461|33,07,26,62,68,16,50,29,72,23,54,27,76,14,28,25,67,61,10,66
2016/3/4-746460|60,24,02,37,61,04,59,63,18,32,11,80,28,54,16,69,36,47,15,64
2016/3/4-746459|37,15,67,62,22,04,36,64,09,45,65,21,28,14,80,26,40,17,75,35
2016/3/4-746458|14,48,26,80,06,34,18,65,52,05,64,42,03,23,58,67,10,43,41,75
2016/3/4-746457|76,28,48,11,71,34,47,10,69,63,27,03,41,65,05,61,68,15,29,06
2016/3/4-746456|29,60,50,05,58,42,03,33,53,61,27,45,38,67,28,49,34,69,13,35
2016/3/4-746455|06,58,66,23,36,12,79,29,54,15,76,41,53,13,71,59,25,01,46,60
2016/3/4-746454|02,30,63,76,18,56,51,78,22,59,33,80,15,40,25,65,62,14,64,53
2016/3/4-746453|70,56,23,08,35,59,09,41,64,19,28,10,79,25,39,15,78,34,38,11
2016/3/4-746452|35,77,07,53,25,78,04,33,19,71,65,02,68,40,01,23,66,76,05,52
2016/3/4-746451|47,16,77,36,45,15,75,70,20,06,44,72,07,63,73,19,27,12,78,23
2016/3/4-746450|06,32,22,72,53,04,68,46,02,26,66,75,16,48,42,76,17,49,31,78
2016/3/4-746449|65,14,35,09,78,32,44,13,69,40,42,11,66,63,21,07,41,64,08,51
2016/3/4-746448|62,49,01,25,60,70,19,55,42,76,21,56,26,80,18,30,22,65,57,17
2016/3/4-746447|34,01,40,61,02,48,62,32,37,17,78,35,43,20,74,38,41,18,71,58
2016/3/4-746446|18,57,33,78,20,59,31,79,09,32,22,76,60,08,62,46,05,25,61,77
2016/3/4-746445|73,33,41,12,69,47,27,01,36,63,04,46,67,23,31,09,74,28,42,17
2016/3/4-746444|34,76,11,37,26,70,55,03,61,43,02,27,58,71,18,46,41,72,23,49
2016/3/4-746443|35,10,80,34,51,18,71,36,48,17,70,59,26,08,38,60,09,57,63,23
2016/3/4-746442|62,10,64,55,07,35,63,71,17,59,50,73,18,61,44,74,13,47,26,67
2016/3/4-746441|35,51,04,41,54,19,29,09,79,24,39,17,76,33,38,13,71,44,21,03
2016/3/4-746440|57,67,15,48,40,77,16,49,35,79,14,38,22,65,51,06,60,46,03,31
2016/3/4-746439|51,47,73,22,53,40,79,20,44,28,60,54,18,58,49,02,34,56,70,21
2016/3/4-746438|18,77,37,43,07,76,66,23,02,41,70,03,52,72,20,36,05,79,34,46
2016/3/4-746437|71,05,29,18,57,45,04,55,38,01,20,47,64,09,39,31,66,17,40,22
2016/3/4-746436|23,34,09,80,30,45,16,74,35,43,10,64,53,24,01,41,57,07,49,59
2016/3/4-746435|05,71,47,03,25,70,73,12,52,35,75,20,60,29,77,07,32,24,72,61
2016/3/4-746434|03,38,62,04,48,67,20,33,06,78,31,44,19,75,36,41,12,68,60,25
2016/3/4-746433|72,12,49,41,73,23,52,37,80,10,40,28,70,63,09,67,48,01,30,66
2016/3/4-746432|37,46,19,75,57,33,01,40,64,11,53,71,28,36,13,79,35,49,25,77
2016/3/4-746431|53,32,80,08,33,28,68,57,02,67,49,01,30,63,70,09,50,45,71,14
2016/3/4-746430|20,80,28,44,23,78,37,41,22,72,57,27,03,38,61,13,48,62,26,35
2016/3/4-746429|63,46,13,54,30,12,23,49,71,15,39,29,77,16,41,24,80,14,28,17
2016/3/4-746428|66,09,63,67,34,43,11,80,40,59,32,78,45,54,13,68,65,38,03,46
2016/3/4-746427|26,56,74,13,51,35,76,18,53,28,79,04,30,19,60,55,03,58,46,01
2016/3/4-746426|15,72,66,29,08,46,68,11,55,71,27,38,14,80,37,53,23,73,39,52
2016/3/4-746425|79,15,64,40,80,09,49,27,74,66,06,73,59,03,36,70,78,11,60,57
2016/3/4-746424|30,51,25,71,40,48,23,70,60,29,01,46,63,07,53,66,27,36,09,78
2016/3/4-746423|28,22,63,57,11,61,32,03,24,60,66,17,45,30,73,20,55,26,74,15
2016/3/4-746422|54,68,20,27,12,76,24,50,17,74,38,47,16,72,55,23,04,44,63,07
2016/3/4-746421|41,04,36,66,69,16,53,40,72,33,56,37,76,14,38,34,68,61,07,67
2016/3/4-746420|63,38,04,52,66,05,58,69,37,48,10,74,42,55,24,72,49,53,11,70
2016/3/4-746419|44,16,65,55,25,02,43,58,03,49,64,24,36,15,80,33,46,19,78,41
2016/3/4-746418|15,56,23,79,05,25,16,69,58,04,66,33,01,18,60,70,12,48,32,78
2016/3/4-746417|79,35,57,23,78,41,54,20,64,61,27,01,48,62,07,59,63,24,36,15
2016/3/4-746416|29,69,62,19,66,42,05,30,63,71,25,45,39,73,26,55,31,79,23,32
2016/3/4-746415|09,59,72,38,43,11,77,40,57,36,76,45,50,28,73,67,39,05,46,68
2016/3/4-746414|01,20,52,73,17,43,26,75,18,47,23,80,08,25,19,59,50,07,57,33
2016/3/4-746413|69,64,42,02,52,66,03,63,68,30,50,05,78,48,58,24,75,51,54,15
2016/3/4-746412|31,65,09,36,19,74,03,22,10,57,39,02,51,32,01,16,40,58,05,35
2016/3/4-746411|53,29,69,40,42,19,60,55,32,05,41,57,12,54,58,31,38,18,70,37
2016/3/4-746410|12,37,24,68,61,10,65,48,06,29,63,74,13,54,47,78,19,60,35,80
2016/3/4-746409|69,24,37,12,76,32,61,19,71,52,60,13,70,65,26,01,58,68,10,63
2016/3/4-746408|68,50,01,30,67,71,18,55,43,74,22,56,34,76,13,39,28,69,57,04
2016/3/4-746407|27,04,36,58,05,52,59,26,31,13,65,29,43,21,64,34,40,14,60,54
2016/3/4-746406|20,49,44,78,26,50,38,80,14,43,27,67,57,03,65,45,01,35,59,73
2016/3/4-746405|79,39,42,19,66,52,32,05,40,56,15,49,58,31,37,16,80,35,47,29
2016/3/4-746404|46,77,22,54,38,70,63,12,69,59,04,41,64,75,25,61,56,76,29,62
2016/3/4-746403|37,15,80,34,47,28,75,38,40,27,71,52,33,02,39,58,07,50,66,32
2016/3/4-746402|61,02,65,38,01,15,63,68,07,41,32,69,08,57,18,77,06,28,09,66
2016/3/4-746401|38,59,05,48,60,16,36,06,79,35,42,15,73,37,40,07,66,52,22,02
2016/3/4-746400|62,70,12,55,32,72,17,58,23,74,07,29,19,65,60,05,64,36,02,20
2016/3/4-746399|43,37,78,22,44,30,80,14,36,25,71,62,09,67,41,07,28,63,77,17
2016/3/4-746398|09,75,47,52,06,74,61,27,02,48,66,03,59,72,25,32,05,79,28,57
2016/3/4-746397|80,10,29,23,62,54,09,61,50,06,24,59,68,15,51,40,69,19,52,25
2016/3/4-746396|25,46,08,76,38,63,21,75,47,58,14,74,69,28,03,48,70,06,64,72
2016/3/4-746395|11,66,46,09,26,61,73,15,47,45,74,16,49,43,78,12,44,23,69,57
2016/3/4-746394|05,44,69,07,67,72,23,36,09,79,32,60,22,75,40,55,19,74,68,25
2016/3/4-746393|69,18,47,44,71,22,52,29,74,12,35,27,66,54,08,65,46,04,28,57
2016/3/4-746392|42,48,19,70,57,36,07,43,66,10,56,69,28,41,16,79,40,52,23,75
2016/3/4-746391|43,26,75,15,32,22,55,45,12,52,36,03,23,50,60,16,38,34,61,19
2016/3/4-746390|14,79,33,50,23,78,35,42,21,73,57,30,04,37,58,11,56,72,25,34
2016/3/4-746389|69,57,08,68,44,06,32,58,71,22,49,39,76,24,52,34,79,18,36,27
2016/3/4-746388|64,22,62,65,32,43,28,78,39,61,31,71,50,58,30,68,63,37,21,55
2016/3/4-746387|22,63,68,06,48,38,70,11,57,28,79,04,32,18,66,62,02,64,46,01
2016/3/4-746386|23,67,59,37,07,44,61,13,55,65,36,39,16,77,38,52,26,76,40,50
2016/3/4-746385|79,13,53,22,80,10,24,17,72,64,09,71,40,08,18,66,75,12,45,33
2016/3/4-746384|24,63,12,78,34,61,11,74,68,22,01,59,71,04,65,72,13,31,10,79
2016/3/4-746383|33,21,60,55,07,58,35,03,24,56,73,15,36,34,76,20,46,28,79,12
2016/3/4-746382|53,63,34,38,12,78,36,52,23,74,41,49,19,71,59,35,02,48,60,04
2016/3/4-746381|33,02,21,47,74,16,34,31,78,17,45,24,80,14,30,19,52,46,12,48
2016/3/4-746380|55,26,03,37,59,06,48,65,25,29,07,75,27,46,23,74,33,40,12,71
2016/3/4-746379|59,21,77,67,37,03,53,69,10,65,76,27,43,19,79,42,62,22,78,51
2016/3/4-746378|22,54,36,80,19,38,27,64,55,11,62,45,01,28,60,67,21,49,41,79
2016/3/4-746377|80,29,42,17,72,39,41,10,71,55,26,02,40,62,03,43,67,22,38,04
2016/3/4-746376|27,69,61,06,66,47,03,28,65,73,17,50,40,76,19,53,29,79,11,38
2016/3/4-746375|05,63,75,45,51,13,79,48,62,43,77,56,58,23,76,69,46,01,57,71
2016/3/4-746374|12,29,52,67,23,46,41,76,24,48,31,77,14,40,25,64,50,13,54,45
2016/3/4-746373|76,64,24,08,34,67,09,59,72,23,31,11,80,28,43,22,78,33,37,14
2016/3/4-746372|36,78,15,51,22,79,08,31,18,66,61,03,65,41,01,21,63,71,10,49
2016/3/4-746371|45,16,68,28,35,13,62,51,20,04,31,54,08,47,60,18,25,12,71,24
2016/3/4-746370|06,22,12,57,53,04,56,35,03,18,55,59,07,38,28,61,08,51,21,68
2016/3/4-746369|73,31,38,23,80,33,49,28,75,42,44,27,74,54,32,08,43,71,20,52
2016/3/4-746368|60,42,05,32,54,67,21,43,40,68,24,44,35,71,19,39,28,62,46,09
2016/3/4-746367|18,04,35,64,06,48,66,13,32,07,79,22,45,12,78,33,40,08,76,56
2016/3/4-746366|14,45,39,70,15,46,35,78,13,38,21,65,49,11,63,43,07,24,56,68
2016/3/4-746365|69,43,45,22,68,62,30,06,44,63,13,59,67,26,40,19,80,33,55,24
2016/3/4-746364|35,80,11,36,27,67,58,07,62,48,04,28,59,71,18,51,38,75,25,56
2016/3/4-746363|24,09,76,23,32,18,68,25,28,12,63,37,22,05,26,49,06,36,52,20
2016/3/4-746362|59,07,61,46,02,28,60,70,13,47,45,71,18,49,31,79,11,36,24,66
2016/3/4-746361|51,66,13,62,68,29,44,16,77,34,58,26,72,50,54,25,71,64,30,02
2016/3/4-746360|48,58,26,42,36,63,27,43,34,67,08,35,28,55,46,05,54,41,03,32
2016/3/4-746359|57,48,71,26,60,33,75,10,43,28,66,62,05,65,53,03,29,63,70,21
2016/3/4-746358|09,77,42,47,05,71,55,27,01,44,57,02,52,62,17,38,03,79,35,48
2016/3/4-746357|80,18,41,31,75,55,14,62,46,09,32,58,77,26,49,43,79,30,52,39
2016/3/4-746356|21,33,11,80,25,52,20,79,39,45,17,78,64,23,02,41,67,04,58,75
2016/3/4-746355|08,64,44,01,24,60,72,18,53,42,73,22,55,27,74,14,30,23,65,58
2016/3/4-746354|03,46,57,12,55,61,30,40,17,72,33,51,27,68,45,50,21,65,56,31
2016/3/3-746353|73,11,40,34,74,12,49,23,75,08,26,14,72,50,05,64,38,04,19,55
2016/3/3-746352|33,40,12,61,51,22,03,39,52,04,50,59,18,29,11,75,25,49,16,63
2016/3/3-746351|43,26,79,18,30,22,62,47,16,60,38,04,24,57,65,20,40,33,67,21
2016/3/3-746350|20,72,41,49,33,68,43,47,31,61,53,39,02,44,54,10,52,59,38,42
2016/3/3-746349|61,57,07,60,44,01,18,58,62,09,48,41,66,11,52,20,79,08,22,16
2016/3/3-746348|56,05,46,71,21,29,09,77,28,39,20,74,31,37,12,73,55,26,03,33
2016/3/3-746347|24,58,67,12,49,42,72,16,51,36,73,11,40,21,66,53,05,65,46,04
2016/3/3-746346|05,56,41,13,01,34,44,03,40,45,12,30,04,79,29,36,07,68,31,35
2016/3/3-746345|79,09,46,17,80,07,26,14,64,52,02,60,35,01,15,56,74,08,36,29
2016/3/3-746344|23,58,19,76,37,53,09,75,67,22,02,46,68,05,66,71,20,30,08,80
2016/3/3-746343|34,23,64,49,03,63,41,01,32,51,67,10,42,36,75,19,45,33,79,09
2016/3/3-746342|53,58,31,43,17,70,40,51,28,69,45,50,21,61,54,36,03,46,56,14
2016/3/3-746341|39,06,30,54,68,18,44,36,69,21,45,31,71,17,33,22,66,51,09,64
2016/3/3-746340|61,42,02,54,66,07,60,70,19,49,10,78,44,59,15,77,50,56,12,72
2016/3/3-746339|44,09,63,52,21,04,36,53,05,51,57,17,23,07,75,22,45,16,71,30
2016/3/3-746338|22,48,32,73,16,35,24,64,50,13,63,42,05,25,61,70,18,45,39,72
2016/3/3-746337|80,31,60,15,78,39,43,11,70,64,27,03,40,66,07,63,69,23,34,08
2016/3/3-746336|21,74,60,08,62,47,05,26,61,75,15,48,31,77,18,50,27,79,09,30
2016/3/3-746335|07,45,71,15,30,10,75,25,40,13,74,31,34,12,72,65,22,01,33,70
2016/3/3-746334|01,18,38,71,05,35,28,76,09,36,20,80,04,27,15,66,37,03,58,33
2016/3/3-746333|60,47,24,08,35,54,09,46,59,20,27,10,76,26,37,19,74,31,36,15
2016/3/3-746332|41,73,19,51,31,77,15,37,28,70,57,14,66,45,03,30,59,72,17,47
2016/3/3-746331|48,18,71,42,46,15,66,59,30,07,45,63,10,55,65,28,38,14,75,33
2016/3/3-746330|04,46,35,70,55,02,67,51,01,38,63,75,24,52,49,78,28,54,44,79
2016/3/3-746329|64,26,31,18,80,29,45,24,77,37,43,22,74,56,27,07,42,63,15,51
2016/3/3-746328|68,58,02,31,67,75,08,61,54,78,12,62,34,79,04,48,21,71,63,03
2016/3/3-746327|28,01,39,65,03,56,66,27,30,13,72,29,48,21,70,31,41,19,67,63
2016/3/3-746326|16,49,42,71,22,50,32,79,05,36,24,64,51,03,60,44,02,30,58,65
2016/3/3-746325|76,48,54,26,74,67,34,03,53,68,13,62,72,33,44,17,79,37,59,30
2016/3/3-746324|28,77,08,29,23,69,50,07,62,35,03,25,58,72,11,47,31,73,15,48
2016/3/3-746323|42,11,76,38,55,16,73,44,53,15,67,62,31,03,46,64,05,57,66,26
2016/3/3-746322|57,18,66,50,09,33,65,73,25,53,49,76,27,55,37,80,24,47,30,67
2016/3/3-746321|45,64,15,55,69,29,38,23,80,37,49,26,79,44,48,25,78,63,34,01
2016/3/3-746320|69,76,10,58,52,77,16,61,44,79,06,48,18,72,62,02,70,55,01,30
2016/3/3-746319|45,41,74,16,46,30,79,12,34,18,67,47,06,63,42,05,25,62,68,14
2016/3/3-746318|14,74,42,48,10,73,57,21,01,46,65,03,55,67,17,39,09,76,37,52
2016/3/3-746317|73,10,22,16,56,35,09,41,27,05,20,39,67,11,28,24,72,12,32,21
2016/3/3-746316|30,43,16,78,37,58,22,74,47,57,20,72,68,35,09,49,69,10,62,71
2016/3/3-746315|11,50,33,01,23,45,54,14,35,31,65,19,42,29,76,12,30,20,51,43
2016/3/3-746314|04,35,60,05,52,64,24,33,07,77,31,41,20,70,34,38,10,66,54,25
2016/3/3-746313|69,17,56,51,70,19,57,30,78,10,33,23,68,59,06,61,52,05,26,60
2016/3/3-746312|32,45,07,66,55,21,02,41,59,04,51,64,16,31,05,75,29,50,13,73
2016/3/3-746311|45,28,78,10,34,19,64,47,09,50,42,06,26,48,65,13,44,36,68,17
2016/3/3-746310|07,78,29,55,14,76,37,52,11,71,65,17,04,45,69,06,57,70,16,33
2016/3/3-746309|67,54,02,63,41,01,25,57,68,11,46,38,71,14,49,28,74,05,30,24
2016/3/3-746308|68,19,61,71,31,42,20,77,38,58,23,76,51,56,22,72,62,36,12,55
2016/3/3-746307|22,52,59,08,34,31,69,13,37,25,80,06,29,21,57,50,05,56,32,03
2016/3/3-746306|15,55,44,18,07,36,48,12,41,54,17,27,13,79,24,38,16,58,35,37
2016/3/3-746305|71,18,48,28,77,08,30,21,69,52,07,65,35,02,27,53,70,16,41,32
2016/3/3-746304|18,51,13,75,28,48,08,71,57,16,04,36,59,05,56,64,15,25,06,77
2016/3/3-746303|31,20,51,45,07,50,38,03,23,49,61,13,39,35,70,18,43,26,74,08
2016/3/3-746302|49,59,21,35,10,72,28,42,20,71,38,41,12,67,57,24,02,40,58,04
2016/3/3-746301|38,05,21,56,67,09,47,37,71,10,52,34,78,08,35,19,65,53,07,62
2016/3/3-746300|64,40,05,50,65,10,58,67,37,44,14,79,42,57,31,74,48,55,17,69
2016/3/3-746299|27,15,58,37,21,07,25,52,13,34,57,18,23,14,74,22,30,17,64,24
2016/3/3-746298|09,49,28,73,05,33,13,66,52,03,63,40,02,15,62,68,08,48,38,69
2016/3/3-746297|74,28,54,14,72,32,53,06,69,62,22,01,39,63,03,61,65,20,29,05
2016/3/3-746296|20,60,49,06,52,33,03,21,50,61,14,38,30,74,19,48,24,76,12,27
2016/3/3-746295|03,57,63,24,34,09,75,31,54,20,69,37,44,18,66,58,25,01,42,60
2016/3/3-746294|02,32,58,66,08,48,43,69,15,51,33,71,04,35,22,64,53,03,60,45
2016/3/3-746293|68,57,27,04,38,61,08,52,65,25,35,10,73,33,40,20,72,36,39,17
2016/3/3-746292|54,78,17,66,35,79,12,37,28,75,69,11,74,61,09,29,70,77,14,63
2016/3/3-746291|37,12,76,26,33,10,71,52,15,04,29,60,05,42,65,14,19,06,79,16
2016/3/3-746290|17,32,23,67,54,12,65,49,05,29,59,69,19,51,43,72,21,52,30,73
2016/3/3-746289|70,33,51,22,79,41,63,32,76,54,62,27,71,68,40,04,61,69,14,67
2016/3/3-746288|52,40,07,25,48,69,15,43,38,74,19,46,31,77,14,36,23,55,47,09
2016/3/3-746287|25,03,51,60,05,56,63,17,42,06,79,38,55,16,72,45,54,07,64,59
2016/3/3-746286|21,43,37,73,23,53,32,78,13,34,25,71,55,09,68,40,03,30,66,72
2016/3/3-746285|71,36,43,10,70,54,22,04,37,56,05,53,66,17,31,06,72,27,44,12
2016/3/3-746284|28,75,05,31,22,66,55,04,64,34,01,25,58,71,15,36,32,72,17,40
2016/3/3-746283|31,06,78,22,51,09,76,37,44,07,74,63,20,02,40,64,03,58,70,11
2016/3/3-746282|65,09,68,57,03,34,67,75,18,61,54,77,27,62,35,79,15,45,30,71
2016/3/3-746281|36,56,13,47,65,26,32,16,80,29,46,22,75,35,43,19,66,55,28,09
2016/3/3-746280|61,68,20,54,40,72,21,55,36,75,19,37,22,65,56,17,63,52,13,28
2016/3/3-746279|63,54,77,33,64,51,79,24,53,39,73,65,07,72,62,06,44,70,74,29
2016/3/3-746278|20,79,47,49,18,77,66,26,05,48,70,08,64,75,21,41,11,80,31,56
2016/3/3-746277|80,10,39,33,66,61,09,64,44,07,35,63,70,18,49,40,78,21,50,36
2016/3/3-746276|23,36,15,79,34,49,20,76,41,48,18,72,59,30,05,46,61,14,53,67
2016/3/3-746275|07,60,40,01,20,56,70,12,48,39,76,13,52,27,80,10,38,14,66,54
2016/3/3-746274|01,42,64,05,55,69,23,34,06,80,26,54,11,75,35,50,10,72,61,24
2016/3/3-746273|70,13,53,45,74,17,56,22,76,07,27,18,69,58,06,68,49,02,21,60
2016/3/3-746272|48,55,25,75,64,34,01,50,69,04,63,72,28,44,13,80,42,58,27,78
2016/3/3-746271|43,29,80,10,30,25,73,45,02,69,35,01,26,51,74,13,38,31,76,14
2016/3/3-746270|12,78,32,53,23,76,45,50,21,72,61,29,03,48,63,07,57,64,25,38
2016/3/3-746269|61,52,04,59,41,03,33,55,65,07,42,40,68,18,43,34,74,06,37,32
2016/3/3-746268|63,07,60,64,30,40,09,75,37,54,26,74,41,50,25,66,61,32,03,45
2016/3/3-746267|32,64,70,16,54,48,73,24,55,35,78,11,42,26,68,60,04,67,53,01
2016/3/3-746266|35,66,61,42,13,51,62,16,59,65,39,46,27,76,43,58,36,73,47,53
2016/3/3-746265|74,31,49,39,75,14,40,32,71,59,08,68,46,06,34,66,72,17,48,43
2016/3/3-746264|37,55,15,74,42,50,13,71,59,33,05,43,68,07,56,69,29,39,08,75
2016/3/3-746263|30,19,58,48,03,56,33,02,21,52,71,14,36,31,74,17,38,24,77,11
2016/3/3-746262|62,66,29,46,17,80,38,59,21,73,50,54,19,70,63,32,02,51,65,05
2016/3/3-746261|51,06,22,66,74,16,54,50,77,19,56,35,80,14,38,20,73,58,11,70
2016/3/3-746260|65,32,01,52,68,04,60,70,23,43,07,80,40,58,16,76,48,54,11,75
2016/3/3-746259|51,11,67,59,20,02,48,61,04,56,64,19,30,09,70,22,53,15,69,42
2016/3/3-746258|33,50,40,78,23,41,38,68,51,14,64,47,04,39,54,71,32,49,45,75
2016/3/3-746257|77,21,32,12,67,25,28,07,66,48,19,02,26,51,03,33,52,13,23,04
2016/3/3-746256|27,66,54,05,63,44,03,30,62,68,23,46,43,71,24,50,34,80,20,40
2016/3/3-746255|11,50,58,23,32,12,75,29,45,20,69,37,44,17,68,52,25,08,43,54
2016/3/3-746254|03,24,39,74,19,35,32,75,20,36,29,76,08,31,23,67,38,05,59,33
2016/3/3-746253|68,62,23,03,32,63,06,49,66,17,30,09,75,27,43,15,72,31,36,10
2016/3/3-746252|26,76,14,42,18,79,06,22,15,65,44,04,51,28,01,16,48,69,11,36
2016/3/3-746251|48,27,71,34,45,20,68,63,31,05,38,64,08,50,66,30,33,15,72,32
2016/3/3-746250|16,36,23,60,47,10,52,41,03,26,50,62,18,43,39,72,22,46,31,76
2016/3/3-746249|67,22,30,10,77,28,44,19,72,35,39,14,71,56,23,05,36,62,07,45
2016/3/3-746248|55,40,01,24,47,70,14,41,38,76,20,42,32,79,09,37,23,56,46,08
2016/3/3-746247|26,02,40,57,03,55,62,19,29,08,79,28,47,15,77,39,46,13,74,56
2016/3/3-746246|07,40,37,66,09,41,24,70,05,34,15,58,50,04,57,38,03,23,53,62
2016/3/3-746245|72,40,53,17,71,64,29,08,47,65,10,63,68,20,33,13,77,30,58,18
2016/3/3-746244|34,75,11,37,22,63,55,06,61,46,05,29,56,70,15,49,39,72,21,51
2016/3/3-746243|36,17,73,35,50,24,72,38,48,20,70,52,31,04,47,55,10,51,68,25
2016/3/3-746242|44,03,60,36,02,20,54,71,13,38,28,76,15,41,21,77,07,24,19,62
2016/3/3-746241|49,69,19,61,70,36,47,26,80,46,58,29,79,48,57,28,74,66,44,04
2016/3/3-746240|54,70,14,41,34,72,16,42,23,74,10,30,17,68,52,05,59,40,01,19
2016/3/3-746239|55,51,77,31,58,39,78,12,46,32,71,61,11,66,54,04,38,62,74,28
2016/3/3-746238|19,76,40,54,18,73,64,27,01,52,67,02,62,69,22,39,11,79,35,60
2016/3/3-746237|79,07,30,15,67,54,06,58,33,04,17,56,70,11,37,32,74,13,49,23
2016/3/3-746236|10,28,04,80,13,43,09,76,35,41,08,63,45,11,02,37,46,03,44,55
2016/3/3-746235|02,65,49,01,27,61,68,10,52,40,69,12,55,37,74,09,38,19,67,56
2016/3/3-746234|11,44,70,14,63,71,26,37,21,79,33,57,23,74,38,54,22,72,64,32
2016/3/3-746233|74,13,49,34,78,14,51,29,79,12,33,18,72,57,06,64,43,02,27,62
2016/3/3-746232|50,56,28,73,61,38,16,52,67,22,59,70,35,49,23,77,39,58,32,76
2016/3/3-746231|46,28,74,10,29,19,62,51,06,57,40,02,20,53,64,15,44,32,70,18
2016/3/3-746230|06,73,29,47,18,72,41,44,17,67,50,25,01,42,65,02,49,66,22,39
2016/3/3-746229|62,48,06,61,40,04,24,49,63,10,44,36,65,11,47,27,79,08,30,15
2016/3/3-746228|56,06,50,57,25,32,09,78,29,49,18,75,38,47,16,71,52,28,01,45
2016/3/3-746227|20,60,77,12,39,34,78,13,51,24,80,10,32,15,73,59,04,67,37,01
2016/3/3-746226|16,65,57,30,04,43,63,13,56,64,28,35,14,80,34,55,27,74,42,51
2016/3/3-746225|77,15,56,26,79,05,28,20,72,65,04,68,48,01,22,67,76,12,50,43
2016/3/3-746224|34,50,23,70,38,48,18,68,55,30,06,40,58,12,54,63,24,35,13,71
2016/3/3-746223|34,29,65,58,18,60,42,09,31,59,68,23,51,38,70,25,57,33,74,22
2016/3/3-746222|54,61,19,38,10,77,33,47,17,66,39,45,12,65,57,29,03,44,60,06
2016/3/3-746221|48,02,29,61,71,07,50,47,72,11,56,34,79,05,36,17,70,60,04,68
2016/3/3-746220|57,19,03,47,58,07,56,60,18,35,15,80,24,55,17,69,36,52,16,61
2016/3/3-746219|53,15,72,63,24,10,52,68,11,59,71,21,32,14,74,31,57,17,73,36
2016/3/3-746218|23,52,38,80,20,39,27,63,54,16,62,43,12,35,57,65,21,50,41,67
2016/3/3-746217|76,23,49,19,72,44,46,17,66,52,21,03,45,57,04,51,64,20,24,09
2016/3/3-746216|24,51,44,12,50,37,01,25,49,59,21,38,31,69,23,39,26,76,17,30
2016/3/3-746215|08,55,61,20,29,10,71,28,52,18,66,30,47,16,62,57,27,01,38,58
2016/3/3-746214|01,20,47,60,06,40,28,71,13,41,22,76,03,25,19,58,43,02,49,32
2016/3/3-746213|66,43,24,01,29,54,05,36,57,23,27,13,80,26,34,19,72,28,32,18
2016/3/3-746212|46,73,26,52,38,75,18,45,34,68,58,11,66,47,03,35,63,70,19,51
2016/3/3-746211|48,18,79,41,47,09,72,53,23,02,43,58,06,52,71,22,32,07,80,30
2016/3/3-746210|11,31,24,64,58,10,63,33,03,25,61,69,12,40,32,71,16,57,26,74
2016/3/3-746209|70,17,37,13,77,21,49,16,75,38,42,14,73,61,20,04,40,65,07,60
2016/3/3-746208|59,28,01,18,57,73,09,36,26,77,12,37,22,78,05,24,15,67,39,03
2016/3/3-746207|19,09,44,58,10,56,59,18,33,11,69,25,48,13,64,38,46,12,61,57
2016/3/3-746206|13,49,38,75,14,53,29,76,06,31,19,72,54,05,63,44,01,22,61,74
2016/3/3-746205|74,27,32,06,72,51,16,02,31,60,03,47,64,13,22,04,77,18,46,07
2016/3/3-746204|38,78,14,40,31,62,57,13,60,46,10,35,58,71,26,49,44,76,27,53
2016/3/3-746203|32,12,79,31,51,23,72,34,50,19,70,62,30,05,46,63,07,57,65,26
2016/3/3-746202|61,02,64,43,01,27,63,71,09,49,36,77,14,55,29,80,07,33,25,66
2016/3/3-746201|48,67,11,61,69,25,31,13,78,29,53,21,76,40,49,14,72,63,27,07
2016/3/3-746200|66,74,19,48,44,76,23,58,38,77,07,43,25,73,63,05,72,46,03,36
2016/3/3-746199|57,48,76,27,59,38,78,25,43,28,68,60,17,66,50,01,33,61,70,26
2016/3/3-746198|09,73,28,31,07,72,52,12,04,30,59,05,51,69,10,25,06,75,13,38
2016/3/3-746197|80,05,28,14,67,54,04,61,39,01,20,55,72,06,46,36,77,12,52,24
2016/3/3-746196|20,31,07,76,30,59,14,75,37,46,08,74,64,27,03,45,69,04,60,72
2016/3/3-746195|06,65,44,03,37,64,75,17,50,42,77,28,51,39,80,16,40,33,68,57
2016/3/3-746194|05,43,59,14,56,61,24,29,15,77,27,55,22,69,41,49,20,66,57,26
2016/3/3-746193|72,16,36,30,77,19,38,25,78,14,28,21,61,40,03,60,31,01,24,43
2016/3/3-746192|46,54,26,78,67,42,03,51,71,04,60,73,37,45,09,80,43,57,29,79
2016/3/3-746191|44,19,77,10,23,15,57,49,09,56,29,06,16,50,59,12,31,28,61,13
2016/3/3-746190|10,78,36,51,27,76,42,46,20,75,64,29,01,43,70,08,55,73,28,38
2016/3/3-746189|65,56,09,60,44,01,33,58,67,21,51,42,76,24,53,37,80,13,41,28
2016/3/3-746188|50,12,47,51,27,38,20,77,37,46,25,76,40,44,24,59,49,33,09,42
2016/3/3-746187|35,65,69,19,57,48,70,30,61,38,80,11,44,31,68,64,08,67,56,07
2016/3/3-746186|13,66,45,22,04,36,47,06,43,51,21,34,10,70,24,41,14,68,35,37
2016/3/3-746185|73,19,52,35,77,11,39,20,64,56,06,60,48,02,27,59,68,18,51,47
2016/3/3-746184|33,53,21,75,42,52,14,74,56,32,02,45,70,12,55,73,24,36,13,80
2016/3/3-746183|34,29,68,52,22,64,43,13,31,57,72,26,47,40,74,28,48,32,79,25
2016/3/3-746182|49,70,21,40,14,80,38,48,19,79,41,44,18,73,65,23,07,43,68,11
2016/3/3-746181|49,02,28,60,69,17,50,47,70,20,56,38,77,07,44,25,68,57,04,62
2016/3/3-746180|57,30,03,46,59,05,55,66,22,39,07,75,34,52,21,73,42,50,09,68
2016/3/2-746164|23,79,07,28,12,72,58,06,70,47,04,16,61,76,09,50,30,78,10,51
2016/3/2-746163|35,08,77,32,50,21,76,41,43,10,69,57,31,02,42,65,06,55,66,30
2016/3/2-746162|59,16,63,45,12,29,62,67,19,46,44,69,20,57,37,73,18,38,24,65
2016/3/2-746161|39,56,13,49,70,26,32,21,80,31,47,25,76,35,41,22,73,50,28,04
2016/3/2-746160|59,66,09,44,37,71,15,47,29,79,08,34,18,65,48,02,61,40,01,26
2016/3/2-746159|41,30,72,21,42,25,77,15,27,22,61,53,13,59,32,05,23,55,67,20
2016/3/2-746158|24,70,35,46,20,67,59,30,08,39,63,15,52,66,25,34,18,78,32,50
2016/3/2-746157|71,11,39,21,58,48,09,50,43,03,22,49,59,14,44,41,64,17,46,26
2016/3/2-746156|17,34,11,80,27,45,14,74,37,43,13,71,52,22,02,41,59,06,48,68
2016/3/2-746155|09,64,35,05,25,54,68,15,42,30,74,20,47,27,77,12,29,23,67,48
2016/3/2-746154|03,47,65,06,60,67,19,37,12,79,30,59,16,74,38,56,13,72,62,26
2016/3/2-746153|73,09,48,46,74,13,54,35,78,08,39,22,72,55,03,68,47,01,29,65
2016/3/2-746152|38,45,14,75,61,23,04,43,69,07,57,74,19,35,09,80,34,50,18,79
2016/3/2-746151|52,28,75,05,34,19,64,53,04,60,42,01,27,59,66,07,51,38,74,14
2016/3/2-746150|03,80,31,53,15,79,35,50,09,78,58,29,01,43,66,02,55,67,16,33
2016/3/2-746149|62,57,02,61,46,01,33,58,67,15,53,45,74,19,56,37,78,04,40,32
2016/3/2-746148|68,09,59,72,29,44,10,80,42,54,15,77,49,51,12,73,66,34,07,50
2016/3/2-746147|32,63,75,23,48,45,76,25,60,41,77,17,43,27,73,62,13,67,47,01
2016/3/2-746146|15,59,54,25,03,41,56,08,53,58,24,35,12,77,29,50,19,61,38,44
2016/3/2-746145|70,14,45,19,74,03,24,16,58,53,02,57,30,01,18,55,60,06,41,25
2016/3/2-746144|39,53,17,76,47,52,15,74,69,22,02,50,70,06,57,73,19,40,14,79
2016/3/2-746143|37,22,71,60,07,63,48,04,26,61,75,12,52,42,76,14,59,33,80,10
2016/3/2-746142|52,60,28,37,21,77,34,51,25,65,39,47,24,61,54,29,07,42,57,20
2016/3/2-746141|38,04,30,56,68,11,40,37,76,15,42,33,79,10,35,23,64,43,05,59