20160307-071|7,2,3,7,0
20160307-070|4,9,9,2,0
20160307-069|5,4,5,8,2
20160307-068|6,4,6,0,2
20160307-067|0,2,6,3,7
20160307-066|3,2,8,9,3
20160307-065|5,4,0,2,2
20160307-064|7,8,4,7,1
20160307-063|7,7,1,6,3
20160307-062|0,9,8,3,9
20160307-061|9,5,5,9,4
20160307-060|3,1,1,3,0
20160307-059|3,3,0,2,6
20160307-058|2,0,0,0,5
20160307-057|5,9,0,4,9
20160307-056|7,1,9,7,2
20160307-055|1,0,3,4,3
20160307-054|2,4,3,1,7
20160307-053|2,1,0,3,4
20160307-052|2,3,9,8,3
20160307-051|4,4,4,7,2
20160307-050|8,9,6,3,8
20160307-049|8,7,9,8,0
20160307-048|4,7,1,0,4
20160307-047|8,6,9,5,3
20160307-046|9,2,4,6,1
20160307-045|7,9,3,4,1
20160307-044|3,0,1,1,9
20160307-043|9,2,0,8,4
20160307-042|8,6,1,3,8
20160307-041|5,0,0,8,4
20160307-040|0,5,3,6,1
20160307-039|0,1,5,7,8
20160307-038|8,4,4,3,7
20160307-037|5,4,4,0,5
20160307-036|5,4,7,7,0
20160307-035|5,4,5,0,8
20160307-034|9,4,0,9,3
20160307-033|7,4,0,5,2
20160307-032|8,9,6,3,7
20160307-031|7,9,3,1,5
20160307-030|2,6,7,4,8
20160307-029|7,2,2,9,4
20160307-028|3,1,8,1,7
20160307-027|3,9,6,5,4
20160305-067|6,0,8,7,2
20160305-065|1,2,5,1,3
20160305-064|5,1,8,6,9
20160305-063|6,1,5,5,9
20160305-062|7,0,7,2,1
20160305-061|0,2,4,7,6
20160305-060|1,9,5,9,2
20160305-059|0,9,5,8,8
20160305-058|7,1,1,5,6
20160305-057|1,1,0,2,8
20160305-056|1,5,1,7,9
20160305-055|6,2,7,9,2
20160305-054|2,8,1,0,7
20160305-053|1,4,9,9,9
20160305-052|6,6,7,6,1
20160305-051|9,2,8,9,9
20160305-050|0,1,0,2,5
20160305-049|1,2,9,1,5
20160305-048|9,9,4,3,5
20160305-047|2,0,5,8,5
20160305-046|4,5,0,1,1
20160305-045|6,8,3,1,1
20160305-044|0,1,7,8,0
20160305-043|1,3,7,8,2
20160305-042|6,4,7,5,1
20160305-041|5,6,2,2,7
20160305-040|4,3,8,4,9
20160305-039|5,8,7,3,6
20160305-038|5,2,4,5,5
20160305-037|4,2,4,3,9
20160305-036|3,3,5,7,7
20160305-035|4,7,8,9,9
20160305-034|2,3,4,2,1
20160305-033|0,4,1,2,1
20160305-032|3,0,5,2,3
20160305-031|7,7,6,5,6
20160305-030|7,8,4,3,8
20160305-029|7,7,9,5,3
20160305-028|5,9,5,7,3
20160305-027|9,8,2,1,9
20160305-026|2,2,1,2,2
20160305-025|3,9,0,5,9
20160305-024|1,2,1,5,5
20160305-023|8,7,5,3,0
20160305-022|5,5,4,1,5
20160305-021|7,9,2,1,8
20160305-020|0,8,6,4,0
20160305-019|9,6,9,6,0
20160305-018|6,6,1,0,2
20160305-017|0,9,8,9,8
20160305-016|1,9,6,6,5
20160305-015|9,6,6,0,5
20160305-014|8,0,0,2,0
20160305-013|4,5,1,6,8
20160305-012|3,8,9,5,6
20160305-011|4,9,0,0,7
20160305-010|2,2,0,3,5
20160305-009|4,7,2,4,3
20160305-008|0,8,9,7,4
20160305-007|9,8,6,0,9
20160305-006|9,5,4,1,3
20160305-005|9,2,2,4,9
20160305-004|4,5,5,7,3
20160305-003|3,2,3,7,1
20160305-002|7,0,7,7,7
20160305-001|6,4,3,4,9
20160304-120|5,7,8,0,9
20160304-119|7,8,3,0,3
20160304-118|2,1,1,3,0
20160304-117|2,5,0,3,7
20160304-116|5,6,2,3,8
20160304-115|1,8,6,9,3
20160304-114|5,7,8,3,4
20160304-113|7,7,1,8,4
20160304-112|2,0,9,6,7
20160304-111|6,9,3,5,1
20160304-110|2,7,7,4,0
20160304-109|4,4,8,7,4
20160304-108|3,8,0,1,4
20160304-107|9,6,2,5,6
20160304-106|2,0,2,4,1
20160304-105|5,8,5,9,9
20160304-104|6,0,9,9,8
20160304-103|6,6,6,7,2
20160304-102|4,1,5,8,8
20160304-101|0,9,5,7,1
20160304-100|7,2,2,6,3
20160304-099|9,2,8,0,1
20160304-098|0,9,3,3,1
20160304-097|0,5,2,5,5
20160304-096|3,7,3,7,2
20160304-095|0,1,6,9,5
20160304-094|7,7,3,7,2
20160304-093|9,8,5,3,5
20160304-092|3,3,3,8,0
20160304-091|6,3,0,3,8
20160304-090|7,6,1,7,9
20160304-089|0,3,6,2,9
20160304-088|1,0,1,6,9
20160304-087|2,6,6,1,7
20160304-086|0,1,0,1,7
20160304-085|3,7,4,4,2
20160304-084|5,9,8,0,1
20160304-083|3,9,7,4,4
20160304-082|3,4,8,9,9
20160304-081|3,9,2,7,2
20160304-080|4,2,1,2,5
20160304-079|8,6,0,6,0
20160304-078|1,5,7,3,7
20160304-077|3,5,4,4,9
20160304-076|2,0,7,0,2
20160304-075|2,6,5,3,1
20160304-074|2,3,0,5,5
20160304-073|6,9,8,8,9
20160304-072|9,0,7,1,4
20160304-071|8,7,8,4,5
20160304-070|9,4,4,1,7
20160304-069|3,9,3,5,7
20160304-068|9,6,1,6,1
20160304-067|4,5,6,0,6
20160304-066|2,3,7,2,7
20160304-065|9,5,6,4,6
20160304-064|2,7,3,0,5
20160304-063|7,5,9,2,8
20160304-062|9,3,4,1,0
20160304-061|7,1,1,0,6
20160304-060|2,8,2,5,1
20160304-059|5,4,2,4,4
20160304-058|4,8,4,9,4
20160304-057|9,5,7,3,0
20160304-056|4,6,1,1,5
20160304-055|0,6,9,9,8
20160304-054|4,1,9,8,2
20160304-053|2,3,3,4,3
20160304-052|2,0,7,4,1
20160304-051|6,3,4,9,5
20160304-050|7,9,9,0,0
20160304-049|2,3,8,2,8
20160304-048|1,3,2,2,1
20160304-047|6,6,8,0,1
20160304-046|3,3,6,1,4
20160304-045|3,0,1,9,6
20160304-044|7,7,1,5,2
20160304-043|2,0,4,6,1
20160304-042|8,3,8,1,3
20160304-041|7,5,9,6,5
20160304-040|3,2,9,8,7
20160304-039|2,6,1,6,5
20160304-038|6,1,5,0,6
20160304-037|5,0,4,3,6
20160304-036|0,0,8,5,6
20160304-035|2,2,1,2,3
20160304-034|2,4,6,6,8
20160304-033|8,8,8,3,4
20160304-032|6,7,7,2,2
20160304-031|4,2,9,0,0
20160304-030|4,0,3,4,5
20160304-029|9,9,1,5,6
20160304-028|8,6,6,1,0
20160304-027|5,6,8,7,3
20160304-026|5,9,5,8,5
20160304-025|5,8,3,7,0
20160304-024|9,4,6,4,8
20160304-023|7,6,4,9,1
20160304-022|3,9,5,5,7
20160304-021|7,0,7,2,9
20160304-020|7,2,9,4,4
20160304-019|8,5,8,5,5
20160304-018|5,6,0,5,5
20160304-017|2,7,0,2,6
20160304-016|6,0,0,3,9
20160304-015|0,9,8,8,0
20160304-014|1,0,3,1,1
20160304-013|9,6,7,4,5
20160304-012|9,2,3,5,7
20160304-011|3,4,3,6,3
20160304-010|9,7,0,3,3
20160304-009|3,7,2,3,4
20160304-008|7,7,4,6,9
20160304-007|3,3,6,5,2
20160304-006|0,4,9,2,3
20160304-005|7,5,7,0,5
20160304-004|3,7,0,2,4
20160304-003|2,2,9,3,9
20160304-002|8,7,1,6,5
20160304-001|0,5,0,2,8
20160303-120|3,6,0,9,4
20160303-119|2,4,7,3,4
20160303-118|4,3,5,7,5
20160303-117|2,3,4,2,6
20160303-116|3,7,2,8,0
20160303-115|5,4,9,5,2
20160303-114|7,0,9,2,0
20160303-113|6,7,7,3,9
20160303-112|2,9,1,4,3
20160303-111|7,9,0,6,2
20160303-110|2,3,7,7,6
20160303-109|7,6,5,8,7
20160303-108|5,7,2,8,8
20160303-107|6,9,0,0,4
20160303-106|2,1,3,2,1
20160303-105|9,2,4,5,0
20160303-104|5,7,6,6,8
20160303-103|9,2,3,4,6
20160303-102|8,5,8,1,9
20160303-101|7,5,5,1,5
20160303-100|9,9,1,2,3
20160303-099|5,8,9,1,0
20160303-098|8,1,6,7,2
20160303-097|0,3,8,3,2
20160303-096|4,2,4,4,1
20160303-095|3,0,6,8,1
20160303-094|8,8,1,5,6
20160303-093|0,5,2,8,9
20160303-092|6,6,6,2,0
20160303-091|5,6,6,3,9
20160303-090|7,2,0,3,7
20160303-089|8,1,2,4,8
20160303-088|3,3,0,0,8
20160303-087|6,7,1,3,2
20160303-086|0,1,5,5,0
20160303-085|2,5,1,2,8
20160303-084|7,5,5,0,5
20160303-083|9,8,0,0,4
20160303-082|6,3,1,4,5
20160303-081|0,2,7,4,8
20160303-080|5,4,3,4,2
20160303-079|9,0,0,7,9
20160303-078|8,4,1,1,3
20160303-077|7,0,0,8,3
20160303-076|7,3,0,8,2
20160303-075|6,9,0,4,5
20160303-074|3,3,7,2,9
20160303-073|5,4,1,2,6
20160303-072|4,9,7,4,4
20160303-071|0,4,2,9,7
20160303-070|8,3,2,4,6
20160303-069|3,4,4,3,3
20160303-068|4,0,7,8,9
20160303-067|9,5,3,4,4
20160303-066|0,9,2,0,3
20160303-065|5,6,6,8,0
20160303-064|7,7,1,8,6
20160303-063|1,2,1,8,5
20160303-062|4,9,9,8,6
20160303-061|0,0,2,6,9
20160303-060|0,9,4,4,3
20160303-059|6,3,8,8,3
20160303-058|5,8,3,5,4
20160303-057|9,6,4,1,0
20160303-055|5,7,4,6,6
20160303-054|7,8,6,2,3
20160303-050|7,8,2,8,9
20160303-049|5,8,3,6,7
20160303-048|8,9,7,5,2
20160303-047|2,2,9,7,6
20160303-046|1,8,4,9,4
20160303-045|1,2,3,2,4
20160303-044|3,9,1,2,7
20160303-043|2,1,2,1,0
20160303-042|3,6,0,0,6
20160303-041|8,9,2,1,0
20160303-040|2,8,4,9,6
20160303-039|7,3,3,3,1
20160303-038|3,2,5,7,1
20160303-037|2,6,8,5,0
20160303-036|2,7,4,0,6
20160303-035|0,8,6,1,5
20160303-034|8,0,1,5,1
20160303-033|4,2,4,3,7
20160303-032|4,2,9,7,2
20160303-031|2,3,2,5,5
20160303-030|1,9,7,8,5
20160303-029|1,8,4,3,7
20160303-028|6,4,3,8,6
20160303-027|0,7,6,3,7
20160303-026|9,0,3,0,0
20160303-025|8,3,6,5,9
20160303-024|6,5,4,7,7
20160302-032|4,2,5,9,2
20160302-031|8,5,0,3,6
20160302-030|3,5,4,5,0
20160302-029|1,9,5,7,9
20160302-028|6,5,4,0,4
20160302-027|3,2,6,8,6
20160302-026|9,4,4,4,0
20160302-025|1,8,1,9,4
20160302-024|3,6,8,5,5
20160302-023|9,2,9,5,2
20160302-022|7,5,4,2,7
20160302-021|0,4,5,9,6
20160302-020|8,7,4,1,6
20160302-019|7,8,4,5,5
20160302-018|6,8,2,2,5
20160302-017|6,4,7,3,0
20160302-016|4,4,7,6,7
20160302-015|3,9,4,0,8
20160302-014|2,3,6,9,0
20160302-013|0,9,2,2,0
20160302-012|9,5,5,6,8
20160302-011|2,4,5,1,9
20160302-010|0,5,2,4,0
20160302-009|6,2,0,5,0
20160302-008|8,0,8,6,5
20160302-007|8,5,7,2,6
20160302-006|1,4,2,4,1
20160302-005|0,6,9,5,5
20160302-004|7,7,2,4,7
20160302-003|0,2,2,9,4
20160302-002|0,6,4,5,9
20160302-001|3,9,3,7,2
20160301-120|3,5,6,3,3
20160301-119|8,3,5,4,1
20160301-118|7,6,2,2,1
20160301-117|0,3,1,4,8
20160301-116|2,8,8,5,7
20160301-115|5,6,6,3,8
20160301-114|1,4,5,9,1
20160301-113|7,2,5,1,8
20160301-112|6,8,3,8,2
20160301-111|5,0,8,9,8
20160301-110|2,2,2,5,5
20160301-109|8,4,3,5,9
20160301-108|2,1,4,9,3
20160301-107|4,3,6,8,1
20160301-106|0,8,5,6,3
20160301-105|6,0,4,2,3
20160301-104|0,3,5,4,4
20160301-103|2,9,1,3,3
20160301-102|5,5,4,8,2
20160301-101|8,7,9,8,3
20160301-100|1,0,9,3,9
20160301-099|7,8,5,5,6
20160301-098|7,0,0,2,3
20160301-097|8,6,4,9,9
20160301-096|0,9,4,2,4
20160301-095|8,3,3,2,7
20160301-094|7,0,4,7,0
20160301-093|2,7,1,5,4
20160301-092|3,3,7,4,6
20160301-091|3,5,4,4,2
20160301-090|8,1,5,5,6
20160301-089|5,0,8,5,8
20160301-088|0,8,2,2,5
20160301-087|9,0,2,7,4
20160301-086|8,4,7,7,3
20160301-085|1,5,3,5,6
20160301-084|4,0,5,7,3
20160301-083|5,7,3,3,7
20160301-082|3,4,6,8,1
20160301-081|8,3,9,2,4
20160301-080|2,7,7,8,0
20160301-079|6,6,8,4,3
20160301-078|6,1,6,0,4
20160301-077|1,7,9,3,5
20160301-076|9,4,5,4,4
20160301-075|9,5,7,0,5
20160301-074|8,1,9,9,9
20160301-073|2,5,8,3,0
20160301-072|9,7,7,8,1
20160301-071|5,7,0,9,6
20160301-070|7,6,4,3,9
20160301-069|0,8,7,1,5
20160301-068|7,2,9,1,9
20160301-067|4,6,1,0,0
20160301-066|0,9,8,6,8
20160301-065|3,8,3,7,7
20160301-064|4,9,1,0,3
20160301-063|3,7,5,2,9
20160301-062|9,0,4,3,5
20160301-061|2,2,2,8,4
20160301-060|0,1,5,8,2
20160301-059|6,1,0,7,2
20160301-058|1,8,9,7,4
20160301-057|3,6,9,8,5
20160301-056|4,1,2,7,2
20160301-055|0,6,9,3,3
20160301-054|7,0,0,7,5
20160301-053|0,8,2,7,4
20160301-052|3,2,9,7,7
20160301-051|9,1,1,6,7
20160301-050|6,3,7,4,1
20160301-049|7,3,3,6,4
20160301-048|4,4,2,1,2
20160301-047|8,3,8,3,7
20160301-046|2,5,1,7,5
20160301-045|3,4,2,5,8
20160301-044|5,2,9,4,8
20160301-043|2,6,9,2,8
20160301-042|2,1,7,5,2
20160301-041|7,7,3,4,2
20160301-040|7,0,7,2,9
20160301-039|5,5,9,1,7
20160301-038|7,0,6,3,2
20160301-037|2,7,9,3,1
20160301-036|8,4,5,4,1
20160301-035|4,4,7,1,9
20160301-034|5,0,8,3,3
20160301-033|9,5,7,4,0
20160301-032|7,2,8,7,9
20160301-031|6,9,0,0,4
20160301-030|7,6,2,9,4
20160301-029|7,0,4,3,1
20160301-028|6,0,2,9,8
20160301-027|2,3,8,8,4
20160301-026|9,9,8,6,1
20160301-025|5,1,1,6,5
20160301-024|6,2,6,4,7
20160229-120|4,8,2,9,4
20160229-119|1,6,9,4,8
20160229-118|1,5,9,8,5
20160229-117|4,3,7,5,1
20160229-116|6,9,3,1,9
20160229-115|7,1,8,1,0
20160229-114|2,8,8,0,3
20160229-113|1,7,4,7,2
20160229-112|3,1,2,2,9
20160229-111|2,5,4,2,8
20160229-110|9,8,7,3,1
20160229-109|1,2,9,7,8
20160229-108|3,1,2,7,6
20160229-107|0,7,6,7,0
20160229-106|4,1,8,8,5
20160229-105|0,6,5,6,8
20160229-104|8,9,3,8,9
20160229-103|1,6,2,9,1
20160229-102|9,4,2,9,0
20160229-101|4,0,6,2,3
20160229-100|6,5,0,2,3
20160229-099|3,7,1,1,2
20160229-097|3,8,2,0,5
20160229-096|9,5,9,7,5
20160229-095|3,3,9,9,3
20160229-094|0,2,3,4,1
20160229-093|3,2,8,8,4
20160229-092|7,5,7,3,8
20160229-091|2,6,8,7,0
20160229-090|0,3,6,0,3
20160229-089|9,5,9,8,0
20160229-088|1,3,5,3,3
20160229-087|6,8,4,4,2
20160229-086|7,4,1,8,9
20160229-085|7,8,7,3,8
20160229-084|6,2,3,5,9
20160229-083|1,9,9,0,2
20160229-082|3,1,7,3,1
20160229-081|9,5,4,9,9
20160229-080|8,2,2,3,5
20160229-079|7,7,7,0,9
20160229-078|2,9,9,3,2
20160229-077|6,2,5,8,0
20160229-076|6,9,8,4,3
20160229-075|5,2,9,4,2
20160229-074|2,3,0,7,5
20160229-073|3,2,8,7,4
20160229-072|6,3,6,5,1
20160229-071|7,9,7,0,5
20160229-070|8,8,3,9,1
20160229-069|6,1,8,4,2
20160229-068|7,0,5,0,3
20160229-067|8,9,2,8,8
20160229-066|9,6,8,0,0
20160229-065|6,2,9,4,1
20160229-064|3,4,9,0,2
20160229-063|3,4,6,3,2
20160229-062|7,3,8,1,0
20160229-061|1,9,2,4,4
20160229-060|9,6,7,6,7
20160229-059|3,9,1,1,3
20160229-058|4,9,7,9,6
20160229-057|0,0,6,5,8
20160229-056|3,3,8,0,7
20160229-055|9,4,0,9,3
20160229-054|1,4,8,2,0
20160229-053|9,0,5,8,2
20160229-052|3,7,3,2,7
20160229-051|3,4,9,2,2
20160229-050|5,4,2,4,5
20160229-049|3,8,5,0,1
20160229-048|1,0,4,5,5
20160229-047|6,2,6,7,5
20160229-046|8,2,6,1,4
20160229-045|0,5,6,6,1
20160229-044|0,0,6,2,6
20160229-043|4,4,4,3,9
20160229-042|4,0,3,1,4
20160229-041|1,2,3,4,7
20160229-040|6,0,2,3,6
20160229-039|9,4,7,9,1
20160229-038|8,9,7,6,6
20160229-037|4,1,5,7,1
20160229-036|0,1,6,7,4
20160229-035|1,6,9,6,2
20160229-034|7,5,4,8,4
20160229-033|1,0,3,4,3
20160229-032|6,2,0,5,6
20160229-031|3,5,3,8,1
20160229-030|1,1,1,1,5
20160229-029|7,6,7,4,2
20160229-028|3,0,2,5,7
20160229-027|0,5,2,6,6
20160229-026|4,9,5,1,6
20160229-025|4,4,7,5,7
20160229-024|5,8,3,0,2
20160229-023|8,9,9,3,9
20160229-022|4,3,1,3,6
20160229-021|1,9,6,8,5
20160229-020|4,9,7,6,0
20160229-019|9,2,9,2,7
20160229-018|6,5,6,3,7
20160229-017|5,6,6,0,8
20160229-016|6,2,7,8,5
20160229-015|1,5,9,1,5
20160229-014|6,9,0,9,7
20160229-013|7,5,5,4,9
20160229-012|1,5,3,2,5
20160229-011|8,5,7,6,2
20160229-010|9,1,2,5,7
20160229-009|4,3,9,1,9
20160229-008|9,5,6,4,2
20160229-007|0,1,6,0,2
20160229-006|3,9,2,2,5
20160229-005|9,2,1,2,5
20160229-004|2,8,4,3,5
20160229-003|9,1,4,3,2
20160229-002|6,9,0,6,1
20160229-001|0,3,0,0,4
20160228-120|1,5,9,8,0
20160228-119|0,6,9,1,9
20160228-118|1,2,2,0,0
20160228-117|3,4,6,5,8
20160228-116|5,7,4,6,9
20160228-115|2,7,3,8,3
20160228-114|1,8,0,6,6
20160228-113|8,4,4,4,6
20160228-112|5,1,7,8,0
20160228-111|9,4,5,8,6
20160228-110|8,3,5,0,3
20160228-109|7,7,5,7,8
20160228-108|3,6,8,9,7
20160228-107|9,4,3,8,5
20160228-106|2,3,2,2,4
20160228-105|8,7,0,8,5
20160228-104|5,6,2,4,5
20160228-103|1,1,5,9,0
20160228-102|0,3,0,1,1
20160228-101|1,4,3,3,2
20160228-100|5,0,7,5,9
20160228-099|8,8,7,2,0
20160228-098|8,2,6,5,8
20160228-097|0,5,6,2,4
20160228-096|7,5,4,7,4
20160228-095|0,5,9,6,3
20160228-094|2,1,4,3,2
20160228-093|9,8,8,6,9
20160228-092|3,4,6,4,5
20160228-091|7,7,3,1,2
20160228-090|1,2,6,5,9
20160228-089|6,4,7,8,9
20160228-088|5,4,3,8,4
20160228-087|9,7,3,0,3
20160228-086|6,3,3,1,9
20160228-085|7,6,8,9,1
20160228-084|0,1,2,4,7
20160228-083|1,8,4,5,3
20160228-082|9,8,6,2,9
20160228-081|8,0,9,3,5
20160228-080|4,4,5,9,2
20160228-079|1,0,9,6,8
20160228-078|8,8,1,7,1
20160228-077|0,0,0,8,7
20160228-076|7,6,7,4,6
20160228-075|9,9,2,7,2
20160228-074|5,7,2,3,5
20160228-073|5,3,3,0,2
20160228-072|3,8,5,7,3
20160228-071|1,9,5,9,0
20160228-070|2,6,8,1,7
20160228-069|4,0,8,6,5
20160228-068|6,7,6,2,0
20160228-067|9,7,1,0,4
20160228-066|8,2,2,9,9
20160228-065|5,1,1,2,6
20160228-064|5,7,4,3,0
20160228-063|9,8,1,2,3
20160228-062|8,0,5,9,2
20160228-061|2,6,3,8,5
20160228-060|9,9,4,6,8
20160228-059|4,1,3,2,9
20160228-058|1,4,9,3,6
20160228-057|5,0,7,9,7
20160228-056|2,7,5,4,4
20160228-055|8,9,0,5,0
20160228-054|5,8,0,9,3
20160228-053|0,9,3,4,9
20160228-052|9,2,1,5,2
20160228-051|0,5,8,6,8
20160228-050|3,8,6,3,9
20160228-049|5,1,2,4,9
20160228-048|3,5,2,6,9
20160228-047|6,1,2,8,6
20160228-046|8,6,8,3,4
20160228-045|2,2,6,3,9
20160228-044|6,6,4,7,3
20160228-043|9,8,0,4,1
20160228-042|9,6,4,8,3
20160228-041|0,0,1,7,8
20160228-040|3,6,7,1,4
20160228-039|5,8,2,9,3
20160228-038|5,1,6,1,6
20160228-037|5,5,1,8,9
20160228-036|9,1,9,9,5
20160228-035|3,7,1,7,2
20160228-034|3,2,5,8,1
20160228-033|0,0,6,3,8
20160228-032|1,4,5,7,1
20160228-031|6,2,2,2,4
20160228-030|6,1,0,5,3
20160228-029|9,5,3,8,1
20160228-028|2,6,6,7,5
20160228-027|6,3,5,4,1
20160228-026|0,2,7,5,0
20160228-025|4,7,5,5,8
20160228-024|8,1,5,5,0
20160228-023|7,3,4,6,5
20160228-023|7,3,4,6,5
20160228-022|7,4,7,7,7
20160228-022|7,4,7,7,7
20160228-021|9,1,3,2,9
20160228-021|9,1,3,2,9
20160228-020|5,9,9,9,5
20160228-020|5,9,9,9,5
20160228-019|6,5,7,0,5
20160228-019|6,5,7,0,5
20160228-018|4,4,5,7,8
20160228-018|4,4,5,7,8
20160228-017|6,8,9,0,0
20160228-017|6,8,9,0,0
20160228-016|5,3,2,7,2
20160228-016|5,3,2,7,2
20160228-015|2,9,7,5,5
20160228-015|2,9,7,5,5
20160228-014|2,7,4,8,6
20160228-014|2,7,4,8,6
20160228-013|5,0,6,9,1
20160228-013|5,0,6,9,1
20160228-012|1,9,5,6,1
20160228-012|1,9,5,6,1
20160228-011|4,5,0,5,3
20160228-011|4,5,0,5,3
20160228-010|5,7,2,2,2
20160228-010|5,7,2,2,2
20160228-009|7,0,8,0,9
20160228-009|7,0,8,0,9
20160228-008|1,0,3,8,7
20160228-008|1,0,3,8,7
20160228-007|2,0,7,1,3
20160228-007|2,0,7,1,3
20160228-006|6,4,3,3,6
20160228-006|6,4,3,3,6
20160228-005|0,5,7,5,7
20160228-005|0,5,7,5,7
20160228-004|1,6,5,6,5
20160228-004|1,6,5,6,5
20160228-003|8,3,7,8,1
20160228-003|8,3,7,8,1
20160228-002|7,7,5,9,6
20160228-002|7,7,5,9,6
20160228-001|9,9,1,3,4
20160228-001|9,9,1,3,4
20160227-120|7,9,0,1,1
20160227-120|7,9,0,1,1
20160227-119|9,8,1,1,1
20160227-119|9,8,1,1,1
20160227-118|4,7,7,3,2
20160227-118|4,7,7,3,2
20160227-117|6,6,8,4,7
20160227-117|6,6,8,4,7
20160227-116|0,9,6,2,6
20160227-116|0,9,6,2,6
20160227-115|7,2,0,7,4
20160227-115|7,2,0,7,4
20160227-114|4,8,6,2,0
20160227-114|4,8,6,2,0
20160227-113|8,8,3,9,9
20160227-113|8,8,3,9,9
20160227-112|3,9,5,3,7
20160227-112|3,9,5,3,7
20160227-111|6,0,7,5,9
20160227-111|6,0,7,5,9
20160227-110|0,7,9,4,9
20160227-110|0,7,9,4,9
20160227-109|8,0,1,1,4
20160227-109|8,0,1,1,4
20160227-108|7,2,8,0,9
20160227-108|7,2,8,0,9
20160227-107|4,3,4,5,1
20160227-107|4,3,4,5,1
20160227-106|3,7,9,2,3
20160227-106|3,7,9,2,3
20160227-103|6,1,7,1,6
20160227-103|6,1,7,1,6
20160227-102|9,5,3,4,3
20160227-102|9,5,3,4,3
20160227-099|0,3,2,9,0
20160227-099|0,3,2,9,0
20160227-098|7,0,5,1,6
20160227-098|7,0,5,1,6
20160227-097|9,7,3,1,1
20160227-097|9,7,3,1,1
20160227-096|2,5,8,7,4
20160227-096|2,5,8,7,4
20160227-095|3,4,2,7,8
20160227-095|3,4,2,7,8
20160227-094|9,9,4,2,4
20160227-094|9,9,4,2,4
20160227-093|3,7,1,1,9
20160227-093|3,7,1,1,9
20160227-092|0,5,7,6,2
20160227-092|0,5,7,6,2
20160227-091|9,3,3,2,6
20160227-091|9,3,3,2,6
20160227-090|3,6,5,7,8
20160227-090|3,6,5,7,8
20160227-089|6,2,6,5,4
20160227-089|6,2,6,5,4
20160227-088|8,1,9,5,4
20160227-088|8,1,9,5,4
20160227-087|3,9,0,4,6
20160227-087|3,9,0,4,6
20160227-086|8,0,7,8,0
20160227-086|8,0,7,8,0
20160227-085|7,1,2,8,2
20160227-085|7,1,2,8,2
20160227-084|5,9,7,1,5
20160227-084|5,9,7,1,5
20160227-083|3,0,7,7,9
20160227-083|3,0,7,7,9
20160227-082|4,6,7,8,3
20160227-082|4,6,7,8,3
20160227-081|2,0,2,1,8
20160227-081|2,0,2,1,8
20160227-080|8,3,5,9,4
20160227-080|8,3,5,9,4
20160227-079|4,1,4,4,7
20160227-079|4,1,4,4,7
20160227-078|4,3,2,1,1
20160227-078|4,3,2,1,1
20160227-077|6,3,4,0,7
20160227-077|6,3,4,0,7
20160227-076|6,5,2,8,6
20160227-076|6,5,2,8,6
20160227-075|0,7,9,0,5
20160227-075|0,7,9,0,5
20160227-074|5,4,1,9,7
20160227-074|5,4,1,9,7
20160227-073|3,8,0,3,1
20160227-073|3,8,0,3,1
20160227-072|9,3,9,3,7
20160227-072|9,3,9,3,7
20160227-071|7,8,2,6,1
20160227-071|7,8,2,6,1
20160227-070|0,0,6,7,8
20160227-070|0,0,6,7,8
20160227-069|7,0,2,7,9
20160227-069|7,0,2,7,9
20160227-068|9,6,8,5,0
20160227-068|9,6,8,5,0
20160227-067|6,3,9,8,3
20160227-067|6,3,9,8,3
20160227-066|9,1,1,3,9
20160227-066|9,1,1,3,9
20160227-065|7,8,1,0,9
20160227-065|7,8,1,0,9
20160227-064|6,9,0,2,6
20160227-064|6,9,0,2,6
20160227-063|2,8,4,9,1
20160227-063|2,8,4,9,1
20160227-062|4,1,7,9,0
20160227-062|4,1,7,9,0
20160227-061|4,0,0,7,7
20160227-061|4,0,0,7,7
20160227-060|3,1,6,6,5
20160227-060|3,1,6,6,5
20160227-059|5,3,0,8,1
20160227-059|5,3,0,8,1
20160227-058|2,8,4,0,4
20160227-058|2,8,4,0,4
20160227-047|1,1,4,7,7
20160227-047|1,1,4,7,7
20160227-046|2,0,9,7,9
20160227-046|2,0,9,7,9
20160227-045|1,7,1,7,0
20160227-045|1,7,1,7,0
20160227-044|9,8,8,0,4
20160227-044|9,8,8,0,4
20160227-043|5,8,5,0,1
20160227-043|5,8,5,0,1
20160227-042|8,7,2,5,8
20160227-042|8,7,2,5,8
20160227-041|0,1,9,3,7
20160227-041|0,1,9,3,7
20160227-040|0,1,9,0,5
20160227-040|0,1,9,0,5
20160227-039|5,8,9,4,1
20160227-039|5,8,9,4,1
20160227-038|2,1,8,1,7
20160227-038|2,1,8,1,7
20160227-037|0,5,2,9,0
20160227-037|0,5,2,9,0
20160227-036|5,5,0,5,4
20160227-036|5,5,0,5,4
20160227-035|6,3,7,9,1
20160227-035|6,3,7,9,1
20160227-034|5,3,8,0,9
20160227-034|5,3,8,0,9
20160227-033|9,9,8,5,2
20160227-033|9,9,8,5,2
20160227-032|1,6,5,9,6
20160227-032|1,6,5,9,6
20160227-031|0,4,3,3,5
20160227-031|0,4,3,3,5
20160227-030|1,1,3,0,5
20160227-030|1,1,3,0,5
20160227-029|7,2,4,5,9
20160227-029|7,2,4,5,9
20160226-052|1,5,5,9,6
20160226-051|7,7,6,6,4
20160226-050|3,3,3,1,0
20160226-049|1,3,1,4,9
20160226-048|9,1,2,0,1
20160226-047|9,4,2,0,9
20160226-046|7,8,3,7,9
20160226-045|4,1,7,4,6
20160226-044|8,6,8,3,3
20160226-043|8,7,3,4,0
20160226-042|8,9,8,3,3
20160226-041|8,1,5,6,2
20160226-040|5,0,5,0,2
20160226-039|8,1,1,2,1
20160226-038|3,4,5,4,0
20160226-031|4,1,0,1,3
20160226-030|9,3,9,7,5
20160226-029|9,3,3,2,6
20160226-028|3,4,4,1,5
20160226-027|3,5,7,8,0
20160226-026|4,8,4,8,8
20160226-025|9,9,7,3,5
20160225-067|9,2,8,9,4
20160225-066|9,0,4,2,9
20160225-065|5,3,9,5,0
20160225-064|9,8,3,8,3
20160225-063|1,0,4,3,8
20160225-034|9,2,5,2,8
20160225-033|8,9,6,4,5
20160225-032|3,9,6,0,9
20160225-031|7,9,1,0,1
20160225-030|7,8,1,0,4
20160225-029|8,5,0,5,0
20160225-028|1,9,2,6,2
20160225-027|9,0,2,8,2
20160225-026|8,4,7,8,4
20160225-025|7,9,7,8,8
20160225-024|0,2,4,4,6
20160225-023|5,3,7,5,4
20160225-022|3,5,0,6,7
20160225-021|0,2,8,8,9
20160225-020|8,3,0,7,8
20160225-019|3,2,7,0,6
20160225-018|1,6,6,2,8
20160225-017|4,3,5,6,6
20160225-016|2,9,6,8,1
20160225-015|2,9,0,0,9
20160225-014|3,7,6,8,5
20160225-013|7,4,9,0,3
20160225-012|9,3,9,6,6
20160225-011|6,5,6,7,5
20160225-010|3,8,4,0,8
20160225-009|3,8,3,2,9
20160225-008|1,9,6,1,8
20160225-007|2,0,1,8,6
20160225-006|3,4,7,8,0
20160225-005|4,4,1,9,9
20160225-004|3,8,5,2,5
20160225-003|7,1,8,8,0
20160225-002|1,6,3,0,2
20160225-001|8,7,1,7,5
20160224-120|3,3,6,0,2
20160224-119|2,0,0,9,5
20160224-118|3,2,3,8,5
20160224-117|3,9,3,9,3
20160224-116|7,4,2,0,1
20160224-115|4,5,9,3,4
20160224-114|5,0,8,2,4
20160224-113|9,4,1,0,3
20160224-112|5,5,4,5,3
20160224-111|6,1,5,5,1
20160224-110|4,8,5,2,2
20160224-109|9,9,8,4,3
20160224-108|1,4,6,4,4
20160224-107|6,8,2,5,4
20160224-106|5,4,0,4,5
20160224-105|9,5,9,1,4
20160224-104|7,3,4,3,9
20160224-103|9,8,2,8,5
20160224-102|7,5,0,0,2
20160224-101|7,6,8,1,3
20160224-100|3,0,4,7,0
20160224-099|0,1,7,8,0
20160224-098|0,5,4,6,2
20160224-097|4,8,4,0,5
20160224-096|4,8,7,8,4
20160224-095|7,1,8,7,8
20160224-094|7,6,8,6,6
20160224-093|1,1,0,3,6
20160224-092|2,9,5,2,5
20160224-091|1,8,7,5,4
20160224-090|7,0,8,7,8
20160224-089|6,9,1,2,1
20160224-088|2,6,8,8,0
20160224-087|9,7,1,1,0
20160224-086|5,8,4,0,4
20160224-085|8,3,2,2,5
20160224-084|5,0,0,5,2
20160224-083|1,1,3,8,6
20160224-082|5,1,2,3,5
20160224-081|0,5,0,3,9
20160224-080|5,3,8,2,9
20160224-079|7,2,0,6,7
20160224-078|3,2,7,8,6
20160224-077|1,4,1,8,5
20160224-076|5,9,2,8,4
20160224-075|9,4,5,7,3
20160224-074|1,2,8,3,6
20160224-073|8,7,8,6,5
20160224-072|5,1,1,0,1
20160224-071|2,2,9,3,6
20160224-070|2,0,8,0,3
20160224-069|5,2,2,0,5
20160224-068|8,8,5,1,3
20160224-067|8,3,9,0,4
20160224-066|3,3,6,5,1
20160224-065|0,4,3,9,5
20160224-064|9,7,8,0,5
20160224-063|2,2,9,1,5
20160224-062|9,5,0,7,3
20160224-061|4,6,3,2,9
20160224-060|9,7,0,7,7
20160224-059|5,2,7,7,5
20160224-058|3,4,4,8,4
20160224-057|4,3,7,4,8
20160224-056|2,2,2,7,3
20160224-055|9,7,5,8,3
20160224-054|5,0,5,3,2