2016/3/8-541731|04,08,03,06,02,07,05,09,10,01
2016/3/8-541730|01,10,02,09,07,04,03,05,08,06
2016/3/8-541729|04,02,05,06,08,01,09,07,10,03
2016/3/8-541728|10,03,06,02,01,08,09,07,05,04
2016/3/8-541727|07,03,08,10,05,02,09,01,06,04
2016/3/8-541726|08,09,02,03,01,07,04,06,05,10
2016/3/8-541725|07,02,09,03,06,08,01,10,05,04
2016/3/8-541724|05,10,02,06,04,01,09,07,03,08
2016/3/8-541723|06,08,09,03,02,07,04,01,10,05
2016/3/8-541722|02,03,06,04,07,05,10,01,08,09
2016/3/8-541721|05,03,04,02,07,01,08,10,09,06
2016/3/8-541720|06,10,07,04,01,05,09,08,02,03
2016/3/8-541719|05,07,04,08,03,06,10,02,09,01
2016/3/8-541718|10,04,06,07,01,03,05,08,02,09
2016/3/8-541717|08,02,09,06,04,01,07,10,03,05
2016/3/8-541716|01,05,06,02,10,03,07,08,04,09
2016/3/8-541715|08,06,02,05,01,07,09,04,03,10
2016/3/8-541714|06,07,03,09,02,08,10,01,04,05
2016/3/8-541713|05,03,08,09,04,02,07,01,06,10
2016/3/8-541712|05,09,10,04,07,03,06,02,01,08
2016/3/8-541711|06,07,09,01,10,03,02,08,04,05
2016/3/8-541710|04,06,05,07,09,02,03,10,01,08
2016/3/8-541709|10,08,05,03,09,07,02,04,06,01
2016/3/8-541708|10,06,01,09,08,02,07,03,05,04
2016/3/8-541707|01,09,07,02,08,05,04,03,10,06
2016/3/8-541706|06,08,10,01,05,02,09,07,03,04
2016/3/8-541705|01,04,08,02,06,07,09,05,10,03
2016/3/8-541704|05,07,01,02,08,03,04,10,06,09
2016/3/8-541702|05,03,09,10,06,02,07,08,04,01
2016/3/8-541701|09,10,04,07,08,01,05,02,03,06
2016/3/8-541689|10,04,07,09,05,02,03,06,01,08
2016/3/8-541688|01,03,02,09,10,07,05,04,08,06
2016/3/8-541687|08,09,10,02,06,07,03,01,05,04
2016/3/8-541686|09,08,06,10,07,03,05,01,04,02
2016/3/8-541685|02,07,05,03,09,10,08,01,06,04
2016/3/8-541684|10,04,05,02,07,09,01,06,03,08
2016/3/8-541683|08,02,06,07,10,01,03,05,04,09
2016/3/8-541682|01,08,03,10,02,04,09,06,05,07
2016/3/8-541681|02,09,03,05,10,04,07,08,01,06
2016/3/8-541680|10,03,08,04,05,06,09,02,01,07
2016/3/8-541679|10,04,05,03,09,07,02,01,08,06
2016/3/8-541678|02,06,05,03,10,01,09,08,07,04
2016/3/8-541677|10,04,03,08,05,02,07,06,09,01
2016/3/8-541676|05,10,04,08,07,09,06,03,02,01
2016/3/8-541675|05,02,01,10,07,06,08,09,04,03
2016/3/8-541674|10,07,04,09,05,01,08,02,03,06
2016/3/8-541673|04,07,02,06,08,03,10,09,05,01
2016/3/8-541672|03,05,02,01,06,08,09,04,07,10
2016/3/8-541671|04,03,06,09,05,07,10,01,02,08
2016/3/8-541670|04,08,07,05,06,09,01,10,03,02
2016/3/8-541669|02,06,04,05,10,09,07,01,03,08
2016/3/8-541668|06,02,05,04,01,10,09,07,08,03
2016/3/8-541667|06,09,02,08,04,03,01,07,10,05
2016/3/8-541666|09,05,06,10,07,08,03,01,02,04
2016/3/8-541665|03,09,06,07,05,02,04,08,10,01
2016/3/8-541664|01,07,10,06,04,03,09,08,05,02
2016/3/8-541663|07,06,03,04,10,08,09,01,02,05
2016/3/8-541662|04,10,03,02,07,01,08,06,09,05
2016/3/8-541661|06,08,01,10,09,04,05,03,02,07
2016/3/8-541660|09,04,10,05,06,01,02,08,07,03
2016/3/8-541659|07,10,09,02,06,03,08,05,04,01
2016/3/8-541658|03,10,09,08,06,07,02,01,05,04
2016/3/8-541657|10,02,09,04,07,06,01,03,05,08
2016/3/8-541656|03,02,09,10,04,06,08,01,05,07
2016/3/8-541655|06,03,01,02,10,04,05,09,08,07
2016/3/8-541654|09,08,04,05,01,10,07,06,02,03
2016/3/8-541653|03,07,10,05,08,04,06,01,02,09
2016/3/8-541652|04,10,02,06,08,01,07,03,05,09
2016/3/8-541651|10,06,02,05,08,07,03,04,01,09
2016/3/8-541650|02,08,05,06,10,04,07,09,03,01
2016/3/8-541649|08,03,01,06,04,10,07,05,09,02
2016/3/8-541648|06,08,07,02,01,04,10,09,05,03
2016/3/8-541647|02,06,01,04,07,09,03,05,08,10
2016/3/8-541646|10,01,07,03,06,09,02,05,04,08
2016/3/8-541645|02,06,04,10,03,07,05,09,01,08
2016/3/8-541644|01,06,09,10,02,08,07,03,05,04
2016/3/8-541643|05,10,04,09,06,07,01,02,08,03
2016/3/8-541642|04,08,03,05,10,07,01,09,02,06
2016/3/8-541641|06,03,05,09,02,07,10,04,08,01
2016/3/7-541640|02,06,01,09,05,10,08,04,03,07
2016/3/7-541639|04,02,07,03,01,05,10,06,09,08
2016/3/7-541638|01,07,06,04,05,02,03,09,10,08
2016/3/7-541637|10,01,08,03,06,09,07,05,02,04
2016/3/7-541636|03,04,02,01,06,08,07,10,09,05
2016/3/7-541635|02,09,07,05,06,01,08,10,03,04
2016/3/7-541634|06,07,03,05,09,10,04,08,01,02
2016/3/7-541633|04,02,03,08,10,05,07,06,01,09
2016/3/7-541632|06,09,05,08,01,02,03,07,10,04
2016/3/7-541631|10,09,08,01,06,03,07,05,04,02
2016/3/7-541630|01,03,08,10,02,05,04,07,06,09
2016/3/7-541629|05,04,10,03,02,07,09,06,01,08
2016/3/7-541628|01,10,09,07,08,05,03,06,02,04
2016/3/7-541627|07,06,02,01,09,08,05,03,04,10
2016/3/7-541626|07,03,08,10,02,04,06,01,09,05
2016/3/7-541625|02,10,05,04,03,07,08,01,06,09
2016/3/7-541624|05,10,08,07,01,09,03,06,02,04
2016/3/7-541623|10,05,03,07,04,01,02,08,06,09
2016/3/7-541622|01,08,02,03,09,10,04,05,06,07
2016/3/7-541621|10,09,04,03,06,07,08,01,05,02
2016/3/7-541620|06,01,07,02,08,05,04,03,09,10
2016/3/7-541619|07,04,05,09,02,03,01,10,08,06
2016/3/7-541618|08,05,04,02,09,06,01,03,07,10
2016/3/7-541617|04,07,05,08,06,10,01,02,03,09
2016/3/7-541616|07,01,06,10,04,08,05,02,09,03
2016/3/7-541615|10,04,06,02,09,05,03,08,01,07
2016/3/7-541614|02,06,04,10,05,09,07,01,08,03
2016/3/7-541613|08,04,01,03,05,06,07,02,10,09
2016/3/7-541612|06,05,04,01,03,07,10,09,02,08
2016/3/7-541611|05,06,10,08,02,04,03,09,07,01
2016/3/7-541610|10,09,05,07,02,04,03,01,06,08
2016/3/7-541609|10,05,07,02,01,04,03,08,09,06
2016/3/7-541608|01,05,09,04,06,02,08,10,07,03
2016/3/7-541607|07,06,01,04,05,09,08,10,03,02
2016/3/7-541606|09,07,01,10,02,06,08,04,03,05
2016/3/7-541605|06,01,04,05,03,07,02,10,08,09
2016/3/7-541604|05,08,07,09,03,01,02,10,04,06
2016/3/7-541603|02,09,10,04,07,06,03,01,05,08
2016/3/7-541602|03,08,05,01,06,04,07,10,09,02
2016/3/7-541601|02,03,07,10,06,08,04,01,09,05
2016/3/7-541600|09,04,01,06,08,05,02,03,10,07
2016/3/7-541599|09,08,06,10,02,05,01,03,04,07
2016/3/7-541598|07,10,09,02,03,05,01,06,04,08
2016/3/7-541597|01,03,02,04,09,10,06,08,05,07
2016/3/7-541596|01,06,02,09,08,05,10,03,07,04
2016/3/7-541595|08,01,06,05,04,03,02,07,10,09
2016/3/7-541594|10,08,06,09,01,05,04,02,07,03
2016/3/7-541593|06,09,03,10,08,02,05,01,07,04
2016/3/7-541592|05,06,02,04,01,10,07,09,03,08
2016/3/7-541591|02,01,05,10,09,08,07,06,03,04
2016/3/7-541590|07,02,03,09,01,04,10,05,08,06
2016/3/7-541589|02,05,01,06,08,03,09,10,04,07
2016/3/7-541588|08,07,06,03,05,02,10,09,01,04
2016/3/7-541587|09,10,02,01,07,03,04,05,06,08
2016/3/7-541586|10,05,08,03,06,01,07,04,02,09
2016/3/7-541585|04,09,08,05,06,02,10,01,07,03
2016/3/7-541584|10,06,07,08,04,01,03,02,05,09
2016/3/7-541583|05,07,04,10,02,09,03,06,01,08
2016/3/7-541582|06,04,02,05,09,03,07,01,08,10
2016/3/7-541581|04,05,03,09,08,02,10,01,07,06
2016/3/7-541580|10,04,09,08,06,07,05,02,01,03
2016/3/7-541579|08,10,01,03,06,02,09,07,05,04
2016/3/7-541578|10,05,04,09,02,01,06,03,08,07
2016/3/7-541577|03,05,07,06,02,08,10,09,04,01
2016/3/7-541576|03,01,10,07,02,04,05,08,09,06
2016/3/7-541575|09,05,03,01,07,02,10,06,04,08
2016/3/7-541574|07,02,06,08,05,09,04,10,01,03
2016/3/7-541573|03,06,08,09,04,01,10,02,07,05
2016/3/7-541572|05,02,08,01,06,03,10,04,07,09
2016/3/7-541571|04,06,01,03,09,02,10,05,08,07
2016/3/7-541570|03,09,07,06,05,04,01,02,10,08
2016/3/7-541569|05,08,09,10,03,04,07,02,06,01
2016/3/7-541568|02,04,07,01,08,10,06,05,03,09
2016/3/7-541567|04,10,09,01,03,06,07,08,05,02
2016/3/7-541566|08,05,06,09,04,07,02,03,01,10
2016/3/7-541565|07,04,10,06,01,05,02,03,09,08
2016/3/7-541564|10,08,03,02,01,07,04,09,05,06
2016/3/7-541563|01,08,05,10,03,07,06,09,04,02
2016/3/7-541562|06,05,09,10,02,03,04,08,07,01
2016/3/7-541561|08,04,10,01,05,06,07,03,09,02
2016/3/7-541560|08,01,02,03,06,10,05,07,09,04
2016/3/7-541559|07,08,05,04,01,10,03,02,06,09
2016/3/7-541557|07,10,08,01,03,05,06,04,02,09
2016/3/7-541556|09,02,08,07,04,03,10,05,06,01
2016/3/7-541555|06,01,10,07,04,05,03,02,09,08
2016/3/7-541554|04,10,06,02,01,03,07,08,09,05
2016/3/7-541553|03,04,08,09,05,02,07,10,06,01
2016/3/7-541552|04,03,09,02,07,06,08,05,10,01
2016/3/7-541551|07,05,01,06,10,08,09,02,03,04
2016/3/7-541550|07,06,09,08,03,10,01,05,02,04
2016/3/7-541549|05,07,03,10,04,06,09,01,02,08
2016/3/7-541548|08,02,01,04,10,07,06,05,03,09
2016/3/7-541547|03,02,09,05,07,08,01,04,06,10
2016/3/7-541546|06,07,08,02,03,04,10,05,09,01
2016/3/7-541545|02,06,10,04,05,08,01,07,03,09
2016/3/7-541544|01,07,04,03,02,08,06,10,05,09
2016/3/7-541543|03,10,04,01,02,06,05,08,07,09
2016/3/7-541542|01,07,08,04,09,03,02,05,10,06
2016/3/7-541541|02,09,01,03,04,07,05,10,08,06
2016/3/7-541540|07,05,10,09,06,08,01,02,03,04
2016/3/7-541539|08,05,04,07,03,01,10,02,06,09
2016/3/7-541538|09,01,05,03,08,06,07,10,02,04
2016/3/7-541537|02,08,06,07,05,04,01,09,10,03
2016/3/7-541536|06,07,05,01,04,10,02,03,09,08
2016/3/7-541535|02,03,09,08,10,04,06,07,05,01
2016/3/7-541534|02,03,01,07,04,09,06,08,05,10
2016/3/7-541533|06,08,01,04,09,02,10,03,05,07
2016/3/7-541532|10,06,02,04,08,07,01,09,03,05
2016/3/7-541531|01,08,05,10,02,09,06,03,07,04
2016/3/7-541530|10,07,06,05,01,09,04,03,02,08
2016/3/7-541529|07,09,08,04,10,02,05,03,01,06
2016/3/7-541528|08,06,04,03,09,05,07,02,01,10
2016/3/7-541527|09,04,10,03,02,05,01,07,08,06
2016/3/7-541526|10,03,06,05,02,07,08,09,01,04
2016/3/7-541525|02,08,01,04,10,09,05,06,07,03
2016/3/7-541524|02,10,09,05,03,04,07,01,06,08
2016/3/7-541523|03,06,09,10,02,07,08,05,04,01
2016/3/7-541522|03,10,09,07,08,01,04,02,06,05
2016/3/7-541521|02,01,09,07,08,03,05,10,04,06
2016/3/7-541520|10,06,08,02,04,07,03,05,01,09
2016/3/7-541519|06,04,01,08,03,07,05,09,02,10
2016/3/7-541518|05,10,07,09,03,06,08,01,04,02
2016/3/7-541517|03,02,01,08,05,04,10,06,07,09
2016/3/7-541516|06,09,07,02,03,04,01,08,10,05
2016/3/7-541515|03,02,05,07,04,09,06,10,08,01
2016/3/7-541514|08,04,02,03,10,05,07,01,06,09
2016/3/7-541513|08,07,06,02,09,05,03,01,10,04
2016/3/7-541512|07,08,09,03,05,01,02,06,10,04
2016/3/7-541511|10,04,08,02,03,06,09,07,05,01
2016/3/7-541510|09,04,03,05,08,02,10,06,07,01
2016/3/7-541509|02,10,04,07,01,06,09,05,08,03
2016/3/7-541508|02,05,07,08,04,10,09,06,01,03
2016/3/7-541507|09,03,08,04,01,05,07,10,02,06
2016/3/7-541506|08,10,02,09,04,07,05,06,01,03
2016/3/7-541505|06,09,05,07,01,04,02,03,08,10
2016/3/7-541504|05,07,03,01,04,09,08,06,02,10
2016/3/7-541503|04,02,09,06,05,10,01,03,08,07
2016/3/7-541502|06,07,02,08,09,05,01,04,10,03
2016/3/7-541501|09,06,02,01,04,07,05,08,10,03
2016/3/7-541500|09,03,01,05,07,04,06,02,08,10
2016/3/7-541499|07,03,10,06,08,01,05,04,02,09
2016/3/7-541498|03,05,02,04,01,07,09,08,10,06
2016/3/7-541497|10,08,01,03,06,02,09,05,07,04
2016/3/7-541496|08,01,05,07,03,06,04,10,02,09
2016/3/7-541495|03,10,08,02,05,06,09,07,01,04
2016/3/7-541493|04,06,10,02,03,07,05,08,09,01
2016/3/7-541492|07,04,01,05,08,03,09,02,06,10
2016/3/7-541491|01,06,04,07,05,10,09,08,03,02
2016/3/7-541490|09,06,10,03,01,05,02,04,07,08
2016/3/7-541489|04,10,01,05,07,06,03,09,02,08
2016/3/7-541488|05,07,02,10,04,01,06,03,09,08
2016/3/7-541487|05,03,06,10,08,04,07,02,09,01
2016/3/7-541486|08,10,01,06,03,09,04,02,07,05
2016/3/7-541485|06,09,01,02,03,05,08,07,10,04
2016/3/7-541484|02,07,08,05,03,09,06,04,01,10
2016/3/7-541483|01,10,05,09,03,08,07,02,06,04
2016/3/7-541482|06,10,02,08,09,03,04,01,07,05
2016/3/7-541481|06,02,03,07,09,08,05,01,10,04
2016/3/7-541480|07,10,01,03,02,05,04,06,09,08
2016/3/7-541479|01,03,05,09,04,07,06,08,10,02
2016/3/7-541478|08,04,02,03,06,05,07,09,01,10
2016/3/7-541477|06,04,07,01,08,09,02,05,10,03
2016/3/5-541208|03,02,01,07,06,08,05,04,09,10
2016/3/5-541207|01,05,09,10,07,06,03,08,02,04
2016/3/5-541201|03,08,06,01,05,09,07,02,04,10
2016/3/5-541200|04,03,02,08,01,09,06,07,05,10
2016/3/5-541198|01,06,07,08,09,03,05,04,02,10
2016/3/5-541197|06,04,01,05,10,08,03,07,09,02
2016/3/5-541196|08,01,09,05,04,10,03,06,07,02
2016/3/5-541195|05,10,09,07,06,04,02,08,03,01
2016/3/5-541194|09,08,04,02,07,06,10,01,03,05
2016/3/5-541193|02,01,06,03,10,09,04,07,08,05
2016/3/5-541192|04,03,06,07,10,08,05,02,01,09
2016/3/5-541191|01,09,08,05,04,06,10,03,07,02
2016/3/5-541190|01,10,08,04,09,05,02,06,07,03
2016/3/5-541189|09,05,01,03,08,06,10,02,04,07
2016/3/5-541188|01,05,08,04,07,02,06,03,10,09
2016/3/5-541187|08,05,04,06,01,03,09,02,07,10
2016/3/5-541186|05,01,09,08,06,10,07,03,02,04
2016/3/5-541185|06,07,09,02,04,03,10,05,01,08
2016/3/5-541184|05,09,07,03,10,08,06,04,02,01
2016/3/5-541183|05,08,04,06,01,09,02,10,07,03
2016/3/5-541182|03,07,09,04,10,06,01,05,08,02
2016/3/5-541181|09,03,10,02,05,01,06,07,04,08
2016/3/5-541180|10,04,08,01,02,03,05,09,06,07
2016/3/5-541179|09,10,05,06,07,03,01,02,04,08
2016/3/5-541178|02,03,08,07,05,01,10,04,09,06
2016/3/5-541177|02,03,09,05,10,01,08,04,07,06
2016/3/5-541176|02,05,09,06,01,04,03,07,08,10
2016/3/5-541175|03,09,06,10,07,05,08,01,02,04
2016/3/5-541174|03,01,04,07,09,02,10,05,06,08
2016/3/5-541173|05,07,04,08,09,01,10,02,06,03
2016/3/5-541172|08,10,07,04,03,09,05,06,01,02
2016/3/5-541171|05,01,02,07,10,08,09,03,06,04
2016/3/5-541170|02,03,04,01,10,06,09,08,07,05
2016/3/5-541169|05,01,07,06,10,03,02,09,04,08
2016/3/5-541168|05,02,08,07,01,10,09,06,04,03
2016/3/5-541167|01,03,06,05,08,02,09,04,07,10
2016/3/5-541166|03,02,08,05,09,04,06,01,07,10
2016/3/5-541165|10,01,07,04,03,05,08,02,09,06
2016/3/5-541164|06,10,07,02,09,03,08,04,05,01
2016/3/5-541163|10,08,02,01,04,03,05,06,09,07
2016/3/5-541162|07,02,10,05,03,09,06,08,01,04
2016/3/5-541161|05,02,04,10,01,08,06,09,07,03
2016/3/5-541160|03,05,06,07,10,01,04,08,02,09
2016/3/5-541159|09,03,02,01,07,04,08,05,10,06
2016/3/5-541158|06,02,10,07,08,09,04,05,03,01
2016/3/5-541157|05,01,07,06,02,09,08,10,03,04
2016/3/5-541156|01,05,04,07,10,09,03,06,08,02
2016/3/5-541155|04,01,10,02,03,08,05,07,06,09
2016/3/5-541154|08,05,09,07,02,06,01,04,03,10
2016/3/5-541153|07,01,05,06,04,08,10,02,03,09
2016/3/5-541152|02,06,05,01,10,07,04,09,08,03
2016/3/5-541151|08,06,02,01,05,04,03,07,10,09
2016/3/5-541150|04,02,10,06,03,01,09,07,05,08
2016/3/5-541149|10,02,07,09,08,03,01,05,04,06
2016/3/5-541148|07,04,08,03,02,09,06,10,01,05
2016/3/5-541147|02,01,08,03,06,04,09,10,05,07
2016/3/5-541146|02,01,08,09,07,05,10,06,03,04
2016/3/5-541145|08,03,06,04,09,05,01,10,02,07
2016/3/5-541144|02,03,01,08,10,06,09,04,07,05
2016/3/5-541143|04,07,09,01,08,10,06,05,02,03
2016/3/5-541142|08,04,02,03,01,06,09,05,10,07
2016/3/5-541141|06,07,02,10,09,01,03,08,04,05
2016/3/5-541140|03,08,04,07,06,05,01,02,10,09
2016/3/5-541139|06,08,05,07,01,02,04,03,09,10
2016/3/5-541138|01,03,05,02,07,10,04,08,06,09
2016/3/5-541137|03,09,04,06,07,05,10,08,02,01
2016/3/5-541136|01,08,10,07,02,03,05,06,04,09
2016/3/5-541135|10,02,05,07,04,09,03,06,08,01
2016/3/5-541134|05,10,04,09,02,01,06,03,08,07
2016/3/5-541133|06,03,01,09,04,05,07,10,08,02
2016/3/5-541132|03,01,02,10,07,08,09,05,06,04
2016/3/5-541131|03,01,02,06,09,05,07,04,08,10
2016/3/5-541130|02,07,04,05,09,01,10,06,08,03
2016/3/5-541129|04,02,06,09,05,10,03,08,07,01
2016/3/5-541128|09,03,06,05,10,08,01,04,02,07
2016/3/5-541127|03,05,07,04,09,08,01,06,10,02
2016/3/5-541126|05,01,07,08,02,04,06,10,03,09
2016/3/5-541125|10,02,05,03,08,07,06,01,04,09
2016/3/5-541124|10,02,07,09,03,04,01,06,08,05
2016/3/5-541123|10,06,02,09,08,07,05,01,04,03
2016/3/5-541122|05,01,09,08,10,02,04,03,06,07
2016/3/5-541121|06,09,05,08,04,10,03,02,07,01
2016/3/5-541120|07,06,08,05,09,02,10,03,01,04
2016/3/5-541119|02,08,10,03,04,06,05,07,01,09
2016/3/5-541118|08,01,02,10,05,07,06,03,04,09
2016/3/5-541117|05,03,02,08,01,06,04,09,10,07
2016/3/5-541116|07,08,02,10,03,04,09,06,05,01
2016/3/5-541115|03,08,06,10,04,02,05,01,09,07
2016/3/5-541114|07,05,03,04,02,06,08,10,01,09
2016/3/5-541113|08,06,02,03,07,01,04,05,09,10
2016/3/5-541112|09,03,06,04,01,08,05,07,02,10
2016/3/5-541111|02,01,05,03,10,07,04,08,06,09
2016/3/5-541110|05,07,06,02,09,01,08,04,10,03
2016/3/5-541109|02,03,06,05,08,01,07,10,04,09
2016/3/5-541108|05,09,01,02,08,10,03,04,06,07
2016/3/5-541107|01,06,10,07,09,08,04,03,05,02
2016/3/5-541106|04,10,09,06,07,03,08,05,01,02
2016/3/5-541105|02,08,06,07,05,01,04,10,03,09
2016/3/5-541104|05,06,08,01,02,07,03,04,09,10
2016/3/4-541103|09,08,07,02,04,03,06,05,10,01
2016/3/4-541102|07,08,06,04,03,01,02,10,09,05
2016/3/4-541101|06,04,08,02,03,07,10,09,01,05
2016/3/4-541100|06,05,10,08,04,01,02,03,07,09
2016/3/4-541099|05,02,01,03,08,06,10,07,09,04
2016/3/4-541098|07,04,08,02,09,05,06,10,01,03
2016/3/4-541097|10,04,01,03,08,06,02,07,09,05
2016/3/4-541096|10,09,08,03,04,06,07,02,01,05
2016/3/4-541095|08,10,09,02,04,01,07,03,06,05
2016/3/4-541094|01,08,07,09,04,03,10,05,06,02
2016/3/4-541093|02,09,07,08,05,01,03,10,06,04
2016/3/4-541092|10,09,07,08,02,03,01,04,06,05
2016/3/4-541091|09,01,07,05,10,03,06,02,08,04
2016/3/4-541090|08,01,04,06,09,10,03,05,02,07
2016/3/4-541089|02,08,09,06,10,04,07,03,01,05
2016/3/4-541088|01,03,09,04,06,05,10,07,08,02
2016/3/4-541087|10,03,08,02,06,09,01,07,05,04
2016/3/4-541086|08,09,06,07,01,05,03,10,02,04
2016/3/4-541085|03,10,04,09,08,02,05,07,01,06
2016/3/4-541084|06,07,04,09,02,10,08,01,05,03
2016/3/4-541083|02,06,04,09,10,01,08,05,07,03
2016/3/4-541082|06,07,04,10,05,02,03,09,08,01
2016/3/4-541081|09,02,07,05,04,06,10,08,03,01
2016/3/4-541080|03,08,10,06,04,05,01,07,09,02
2016/3/4-541079|10,08,02,07,05,06,04,09,01,03
2016/3/4-541078|01,05,02,04,03,06,10,08,09,07
2016/3/4-541077|09,06,04,03,01,05,07,02,10,08
2016/3/4-541076|09,05,10,03,06,02,01,04,07,08
2016/3/4-541075|04,10,02,09,08,03,06,07,05,01
2016/3/4-541074|04,06,01,10,05,09,08,07,02,03
2016/3/4-541073|02,10,06,04,05,07,03,09,08,01
2016/3/4-541072|05,01,09,07,08,02,03,04,06,10
2016/3/4-541071|04,06,03,01,10,08,09,07,05,02
2016/3/4-541070|04,09,10,01,05,02,03,06,07,08
2016/3/4-541069|09,06,02,03,07,04,01,08,10,05
2016/3/4-541068|01,08,04,06,05,03,10,02,09,07
2016/3/4-541067|10,06,05,03,07,08,01,02,04,09
2016/3/4-541066|03,02,09,04,05,01,08,07,06,10
2016/3/4-541065|04,09,01,02,06,10,05,03,07,08
2016/3/4-541064|01,07,09,04,02,06,05,10,08,03
2016/3/4-541063|04,06,09,05,08,07,01,10,03,02
2016/3/4-541062|06,01,04,07,03,10,09,05,02,08
2016/3/4-541061|10,01,03,05,02,06,04,07,09,08
2016/3/4-541060|04,07,02,10,06,03,09,01,05,08
2016/3/4-541059|01,08,06,02,10,05,03,09,04,07
2016/3/4-541058|08,10,02,01,05,09,06,04,03,07
2016/3/4-541057|07,02,04,06,09,03,08,01,10,05
2016/3/4-541056|05,04,08,06,03,02,09,01,10,07
2016/3/4-541055|04,09,10,06,02,08,07,05,01,03
2016/3/4-541054|01,02,09,10,04,07,03,05,06,08
2016/3/4-541053|06,10,03,04,05,08,02,01,07,09
2016/3/4-541052|01,07,05,03,08,10,06,02,04,09
2016/3/4-541051|09,08,05,04,03,01,06,10,02,07
2016/3/4-541050|08,04,03,05,09,10,02,06,01,07
2016/3/4-541049|08,06,07,04,05,09,03,01,10,02
2016/3/4-541048|03,05,04,08,01,06,07,09,02,10
2016/3/4-541047|04,07,02,03,09,08,06,01,10,05
2016/3/4-541046|04,08,10,09,07,01,05,03,02,06
2016/3/4-541045|06,02,04,09,10,03,07,01,08,05
2016/3/4-541044|01,04,09,07,10,02,05,08,06,03
2016/3/4-541043|02,10,06,09,04,01,07,03,08,05
2016/3/4-541042|10,03,02,06,09,05,08,07,01,04
2016/3/4-541041|03,06,05,10,02,01,09,07,08,04
2016/3/4-541040|10,02,04,01,07,03,06,05,08,09
2016/3/4-541039|01,02,05,08,10,06,03,09,07,04
2016/3/4-541038|09,07,05,02,10,04,06,01,03,08
2016/3/4-541037|02,01,08,04,03,09,05,06,10,07
2016/3/4-541036|07,01,08,06,02,03,10,09,04,05
2016/3/4-541035|05,04,08,07,01,10,02,03,09,06
2016/3/4-541034|08,03,01,05,09,04,07,10,06,02
2016/3/4-541033|10,01,09,02,08,04,03,05,06,07
2016/3/4-541032|08,05,09,06,07,02,03,10,04,01
2016/3/4-541031|03,09,07,10,02,04,08,05,06,01
2016/3/4-541030|03,06,04,08,07,09,01,02,10,05
2016/3/4-541029|09,05,06,10,02,07,08,03,04,01
2016/3/4-541028|08,09,10,05,03,06,07,01,04,02
2016/3/4-541027|01,02,06,03,07,10,09,08,05,04
2016/3/4-541026|01,09,08,06,04,10,03,02,07,05
2016/3/4-541025|01,06,08,09,04,05,07,03,10,02
2016/3/4-541024|09,07,06,10,03,08,01,04,05,02
2016/3/4-541023|05,04,01,03,09,02,06,07,10,08
2016/3/4-541022|07,09,04,05,02,03,01,06,08,10
2016/3/4-541021|06,09,05,07,08,01,03,04,10,02
2016/3/4-541020|07,01,02,09,10,04,06,08,05,03
2016/3/4-541019|05,04,06,01,02,07,09,10,03,08
2016/3/4-541018|01,04,07,03,06,09,10,08,02,05
2016/3/4-541017|04,02,10,08,03,07,09,01,06,05
2016/3/4-541016|10,03,08,06,04,02,05,01,09,07
2016/3/4-541015|05,04,02,10,08,07,09,01,03,06
2016/3/4-541014|08,03,01,04,07,09,06,02,10,05
2016/3/4-541013|01,09,05,06,04,07,02,03,10,08
2016/3/4-541012|01,08,10,02,03,06,05,09,07,04
2016/3/4-541011|04,02,06,05,03,07,09,10,08,01
2016/3/4-541010|07,05,06,03,02,01,09,10,04,08
2016/3/4-541009|07,01,09,06,02,05,04,08,10,03
2016/3/4-541008|06,09,07,04,10,03,01,08,05,02
2016/3/4-541007|09,04,05,01,02,06,03,07,10,08
2016/3/4-541006|07,02,04,09,05,01,10,03,06,08
2016/3/4-541005|05,03,09,02,06,07,08,04,10,01
2016/3/4-541004|04,06,05,08,02,03,09,01,07,10
2016/3/4-541003|04,02,09,07,05,01,10,08,03,06
2016/3/4-541002|03,02,06,05,04,10,07,09,01,08
2016/3/4-541001|05,06,08,04,09,02,10,01,03,07
2016/3/4-541000|08,06,10,07,04,03,05,02,09,01
2016/3/4-540999|10,06,04,07,05,01,08,03,09,02
2016/3/4-540998|08,03,05,01,09,07,06,02,10,04
2016/3/4-540997|04,05,10,03,02,06,08,01,09,07
2016/3/4-540996|06,03,02,05,04,09,10,01,08,07
2016/3/4-540995|10,08,06,09,02,04,05,03,07,01
2016/3/4-540994|04,06,08,03,10,05,07,09,02,01
2016/3/4-540993|01,05,03,06,08,10,02,04,09,07
2016/3/4-540992|10,06,02,03,05,09,08,07,04,01
2016/3/4-540991|09,06,10,07,01,05,04,03,08,02
2016/3/4-540990|07,08,02,09,05,06,03,10,04,01
2016/3/4-540989|07,10,05,08,09,01,04,06,02,03
2016/3/4-540988|03,10,01,09,07,02,05,08,06,04
2016/3/4-540987|04,03,07,05,01,08,06,10,09,02
2016/3/4-540986|08,07,04,06,09,02,10,03,01,05
2016/3/4-540985|04,05,01,03,08,10,06,02,07,09
2016/3/4-540984|02,04,09,06,10,05,07,08,01,03
2016/3/4-540983|05,08,03,04,02,09,01,10,06,07
2016/3/4-540982|10,01,07,08,03,02,09,05,06,04
2016/3/4-540981|10,07,02,06,05,04,03,01,08,09
2016/3/4-540980|04,03,09,05,10,01,08,06,02,07
2016/3/4-540979|10,03,01,04,09,08,07,06,05,02
2016/3/4-540978|07,05,01,08,03,02,06,10,09,04
2016/3/4-540977|07,10,03,04,09,06,08,05,02,01
2016/3/4-540976|01,05,08,02,03,04,06,07,10,09
2016/3/4-540975|06,09,04,07,08,01,05,03,10,02
2016/3/4-540974|06,07,10,05,01,08,02,04,09,03
2016/3/4-540973|08,09,04,02,05,06,10,03,01,07
2016/3/4-540972|06,03,02,09,05,07,08,10,04,01
2016/3/4-540971|07,02,06,04,08,03,05,10,09,01
2016/3/4-540970|08,03,09,05,10,02,07,06,01,04
2016/3/4-540969|09,03,10,04,02,06,01,07,05,08
2016/3/4-540968|03,10,06,09,08,04,02,05,01,07
2016/3/4-540967|02,06,03,07,08,05,09,10,01,04
2016/3/4-540966|06,02,10,04,07,08,05,01,09,03
2016/3/4-540965|06,10,05,02,04,07,01,08,09,03
2016/3/4-540964|04,07,05,08,02,01,06,10,03,09
2016/3/4-540963|03,01,04,08,02,07,05,10,09,06
2016/3/4-540962|09,07,01,02,06,03,05,08,04,10
2016/3/4-540961|02,03,08,09,05,10,04,01,07,06
2016/3/4-540960|03,06,09,01,08,10,04,02,07,05
2016/3/4-540959|04,05,10,06,03,07,02,09,08,01
2016/3/4-540958|05,09,04,02,03,01,08,10,06,07
2016/3/4-540957|01,06,04,10,03,07,09,02,08,05
2016/3/4-540956|08,07,03,10,09,01,05,04,06,02
2016/3/4-540955|02,01,09,04,07,06,08,10,03,05
2016/3/4-540954|01,08,05,09,04,03,06,07,10,02
2016/3/4-540953|03,01,07,02,06,05,10,09,08,04
2016/3/4-540952|01,06,08,07,04,03,02,10,09,05
2016/3/4-540951|03,01,09,02,05,08,10,06,07,04
2016/3/4-540950|10,04,01,07,03,09,08,06,05,02
2016/3/4-540949|09,03,01,07,05,06,02,10,08,04
2016/3/4-540948|05,03,08,04,09,02,06,01,10,07
2016/3/4-540947|08,01,06,09,02,05,07,03,04,10
2016/3/4-540946|08,03,02,06,09,07,04,01,05,10
2016/3/4-540945|07,02,08,05,04,03,06,09,01,10
2016/3/4-540944|04,07,08,06,02,10,09,01,03,05
2016/3/4-540943|04,03,09,10,02,08,07,06,01,05
2016/3/4-540942|07,08,10,01,09,06,02,03,04,05
2016/3/4-540941|02,04,01,03,10,08,05,06,09,07
2016/3/4-540940|05,07,04,06,08,03,09,01,02,10
2016/3/4-540939|04,02,01,10,05,06,07,09,03,08
2016/3/4-540938|03,09,10,07,04,01,08,06,02,05
2016/3/4-540937|08,09,05,07,10,03,02,01,04,06
2016/3/4-540936|08,06,07,02,04,01,03,09,10,05
2016/3/4-540935|08,07,06,04,03,09,01,02,10,05
2016/3/4-540934|08,06,03,02,05,07,04,09,01,10
2016/3/4-540933|10,05,02,08,01,03,09,07,06,04
2016/3/4-540932|03,07,06,09,08,02,10,05,04,01
2016/3/4-540931|05,03,07,06,04,01,09,08,10,02
2016/3/4-540930|02,10,04,01,05,03,09,06,08,07
2016/3/4-540929|06,04,08,10,07,09,05,01,03,02
2016/3/4-540928|03,06,02,10,08,01,04,05,09,07
2016/3/4-540927|04,08,05,10,07,03,09,02,06,01
2016/3/4-540926|06,03,08,10,01,02,09,04,07,05
2016/3/4-540925|10,07,04,06,03,05,02,08,01,09
2016/3/3-540924|02,07,01,08,04,09,05,06,03,10
2016/3/3-540923|03,08,07,04,05,01,06,10,02,09
2016/3/3-540922|01,10,09,04,08,02,06,03,07,05
2016/3/3-540921|07,02,01,06,08,05,09,03,10,04
2016/3/3-540920|03,06,05,04,02,09,10,08,07,01
2016/3/3-540919|09,03,02,04,05,07,01,08,06,10
2016/3/3-540918|10,07,05,03,02,06,08,09,04,01
2016/3/3-540917|10,03,09,05,06,01,02,04,07,08
2016/3/3-540916|02,10,04,09,08,03,01,06,05,07
2016/3/3-540915|09,10,01,03,08,04,06,02,05,07
2016/3/3-540914|03,07,08,06,10,05,02,09,01,04
2016/3/3-540913|03,01,05,06,04,08,02,09,10,07
2016/3/3-540912|09,05,04,08,03,06,07,02,01,10
2016/3/3-540911|05,08,01,06,02,09,04,07,03,10
2016/3/3-540910|07,09,10,06,05,01,04,03,08,02
2016/3/3-540909|07,08,10,09,05,04,01,03,02,06
2016/3/3-540908|03,07,06,04,10,02,01,08,09,05
2016/3/3-540907|08,04,02,03,09,06,01,10,07,05
2016/3/3-540906|10,03,07,04,01,09,08,05,06,02
2016/3/3-540905|09,05,03,01,04,07,02,06,10,08
2016/3/3-540904|10,01,02,06,04,03,05,08,09,07
2016/3/3-540903|01,04,06,10,09,05,03,07,08,02
2016/3/3-540902|08,04,06,02,03,10,07,05,09,01
2016/3/3-540901|01,05,09,02,06,10,08,04,03,07
2016/3/3-540900|01,09,03,07,05,10,02,04,06,08
2016/3/3-540899|05,04,08,06,10,03,07,09,01,02
2016/3/3-540898|03,05,08,04,07,10,02,09,06,01
2016/3/3-540897|10,02,05,07,09,08,04,03,06,01
2016/3/3-540896|01,10,08,03,02,06,04,05,07,09
2016/3/3-540895|09,04,02,05,08,03,07,10,06,01
2016/3/3-540894|09,06,08,03,10,05,02,04,07,01
2016/3/3-540893|03,02,09,06,04,01,05,10,08,07
2016/3/3-540892|07,03,01,06,08,05,10,04,02,09
2016/3/3-540891|02,01,05,07,09,10,04,08,03,06
2016/3/3-540890|01,08,05,06,02,07,04,03,10,09
2016/3/3-540889|07,05,06,01,03,08,10,09,02,04
2016/3/3-540888|10,06,03,09,08,01,02,05,07,04
2016/3/3-540887|01,06,09,08,04,10,02,07,05,03
2016/3/3-540886|03,04,06,08,05,02,10,01,09,07
2016/3/3-540885|10,02,03,08,07,01,06,05,04,09
2016/3/3-540884|07,05,02,09,06,03,08,01,10,04
2016/3/3-540883|02,05,03,04,06,01,07,10,08,09
2016/3/3-540882|03,06,10,02,09,08,07,05,04,01
2016/3/3-540881|10,09,03,07,02,08,06,01,05,04
2016/3/3-540880|02,09,08,04,07,01,05,06,03,10
2016/3/3-540879|01,07,08,04,03,10,06,09,05,02
2016/3/3-540878|01,10,08,03,02,06,04,09,07,05
2016/3/3-540877|09,08,10,02,04,03,05,07,06,01
2016/3/3-540876|10,05,07,01,09,08,06,03,02,04
2016/3/3-540875|04,03,06,02,10,07,09,05,08,01
2016/3/3-540874|08,06,09,07,01,10,05,04,02,03
2016/3/3-540873|03,01,06,09,08,04,05,07,02,10
2016/3/3-540872|02,07,05,01,04,06,08,10,03,09
2016/3/3-540871|03,07,06,08,01,05,10,02,09,04
2016/3/3-540870|04,05,01,06,08,07,03,02,10,09
2016/3/3-540869|10,09,07,06,05,01,03,02,08,04
2016/3/3-540868|02,08,01,09,10,05,07,03,04,06
2016/3/3-540867|05,03,10,02,07,08,04,06,09,01
2016/3/3-540866|08,07,02,09,03,10,05,06,04,01
2016/3/3-540865|03,07,04,05,06,10,01,09,02,08
2016/3/3-540864|09,05,01,10,07,03,02,06,08,04
2016/3/3-540863|08,10,01,02,05,07,06,04,03,09
2016/3/3-540862|09,06,08,04,05,07,10,02,01,03
2016/3/3-540861|08,09,01,04,05,10,03,02,07,06
2016/3/3-540860|08,10,04,03,02,07,05,09,01,06
2016/3/3-540859|10,05,09,04,07,02,08,01,03,06
2016/3/3-540858|08,04,07,05,02,10,03,01,06,09
2016/3/3-540857|10,01,03,06,04,02,09,07,05,08
2016/3/3-540856|07,06,03,02,09,04,08,05,01,10
2016/3/3-540855|09,04,03,10,02,05,06,07,08,01
2016/3/3-540854|02,07,06,05,01,03,08,04,09,10
2016/3/3-540853|08,10,05,06,01,07,03,02,09,04
2016/3/3-540852|05,02,03,10,07,08,01,06,04,09
2016/3/3-540851|02,05,07,08,03,06,09,01,04,10
2016/3/3-540850|02,05,07,04,08,09,03,10,06,01
2016/3/3-540849|02,06,01,03,05,09,04,08,07,10
2016/3/3-540848|06,10,08,01,05,03,09,02,04,07
2016/3/3-540847|07,02,03,08,10,04,01,09,06,05
2016/3/3-540846|09,08,07,03,01,04,06,10,02,05
2016/3/3-540845|03,07,02,08,04,06,10,05,01,09
2016/3/3-540844|10,04,07,09,08,05,06,03,02,01
2016/3/3-540843|06,09,04,10,07,08,02,01,03,05
2016/3/3-540842|08,03,02,07,09,05,01,10,06,04
2016/3/3-540841|01,09,08,03,02,10,04,05,06,07
2016/3/3-540840|07,02,05,06,04,03,01,10,09,08
2016/3/3-540839|10,01,04,02,05,07,09,06,08,03
2016/3/3-540838|01,09,08,06,04,02,10,07,05,03
2016/3/3-540837|09,08,05,10,01,07,06,04,03,02
2016/3/3-540836|02,05,10,01,03,04,07,06,09,08
2016/3/3-540835|01,04,02,08,06,10,07,05,09,03
2016/3/3-540834|03,08,09,04,05,02,01,07,10,06
2016/3/3-540833|05,07,06,03,10,01,09,08,04,02
2016/3/3-540832|03,02,05,01,06,04,10,08,07,09
2016/3/3-540831|05,08,06,01,09,07,02,10,03,04
2016/3/3-540830|05,01,06,09,04,08,07,03,10,02
2016/3/3-540829|07,08,09,01,05,02,04,03,10,06
2016/3/3-540828|04,09,01,07,05,02,08,06,03,10
2016/3/3-540827|01,10,04,09,05,03,02,08,06,07
2016/3/3-540826|08,10,04,09,02,03,05,06,01,07
2016/3/3-540825|10,07,02,05,08,09,03,04,06,01
2016/3/3-540823|02,04,03,10,09,05,07,08,01,06
2016/3/3-540822|08,10,09,05,03,04,06,01,07,02
2016/3/3-540819|05,09,02,03,08,04,07,10,01,06
2016/3/3-540818|01,10,03,08,07,06,02,05,04,09
2016/3/3-540817|06,10,09,01,02,04,07,05,08,03
2016/3/3-540816|07,04,06,10,08,09,05,03,02,01
2016/3/3-540810|03,06,08,04,02,05,01,10,09,07
2016/3/3-540809|05,10,01,04,06,08,03,07,09,02
2016/3/3-540808|04,08,06,09,07,02,05,03,10,01
2016/3/3-540807|03,05,08,04,02,01,06,10,07,09
2016/3/3-540806|04,10,03,07,08,09,06,05,01,02
2016/3/3-540805|06,05,02,07,01,03,10,09,04,08
2016/3/3-540804|10,07,01,05,08,06,03,09,02,04
2016/3/3-540803|04,06,10,01,02,03,09,07,08,05
2016/3/3-540802|01,07,06,08,05,02,10,09,03,04
2016/3/3-540801|05,09,01,07,10,06,08,04,03,02
2016/3/3-540800|01,06,03,10,08,05,09,07,04,02
2016/3/3-540799|03,06,05,10,07,04,02,08,09,01
2016/3/3-540798|06,03,10,08,01,04,02,09,05,07
2016/3/3-540797|04,02,05,07,08,01,09,10,03,06
2016/3/3-540796|10,08,02,04,05,01,03,09,06,07
2016/3/3-540795|09,05,10,03,04,06,08,01,02,07
2016/3/3-540794|04,03,05,09,01,08,06,02,10,07
2016/3/3-540793|04,02,09,06,10,07,05,08,03,01
2016/3/3-540792|06,10,07,02,05,04,08,09,03,01
2016/3/3-540791|08,10,03,01,07,06,09,05,04,02
2016/3/3-540790|07,03,06,09,05,01,08,10,04,02
2016/3/3-540789|06,08,01,05,10,02,04,09,07,03
2016/3/3-540788|02,04,07,03,05,01,08,09,10,06
2016/3/3-540787|08,03,06,02,04,10,05,01,07,09
2016/3/3-540786|02,01,09,07,05,08,06,04,10,03
2016/3/3-540785|08,10,01,02,06,04,09,07,05,03
2016/3/3-540784|08,03,09,02,10,04,07,05,01,06
2016/3/3-540783|05,02,08,07,06,04,03,01,10,09
2016/3/3-540782|10,03,07,09,02,08,05,01,06,04
2016/3/3-540781|04,03,01,10,08,02,05,06,09,07
2016/3/3-540780|07,03,01,04,08,02,09,10,06,05
2016/3/3-540779|08,05,04,06,09,07,02,01,03,10
2016/3/3-540778|08,10,05,01,07,02,09,04,03,06
2016/3/3-540777|06,04,10,08,03,07,09,05,01,02
2016/3/3-540776|04,05,07,06,01,09,03,10,08,02
2016/3/3-540775|09,06,08,04,10,02,01,03,07,05
2016/3/3-540774|08,02,03,09,07,10,05,01,04,06
2016/3/3-540773|06,09,02,01,08,04,07,10,05,03
2016/3/3-540772|08,02,01,04,10,03,07,05,09,06
2016/3/3-540771|03,10,02,05,08,04,07,09,06,01
2016/3/3-540770|04,10,07,03,06,08,01,05,02,09
2016/3/3-540769|08,04,05,01,02,03,09,06,07,10
2016/3/3-540768|02,05,04,10,09,06,01,03,08,07
2016/3/3-540767|05,10,06,07,03,02,04,01,09,08
2016/3/3-540766|05,03,10,08,07,04,01,09,02,06
2016/3/3-540765|10,07,05,08,04,06,02,03,01,09
2016/3/3-540764|10,09,05,07,08,01,03,02,04,06
2016/3/3-540763|02,05,09,07,01,10,04,08,03,06
2016/3/3-540762|09,03,06,07,01,05,02,04,08,10
2016/3/3-540761|07,04,08,03,09,05,10,02,06,01
2016/3/3-540760|01,03,06,09,10,04,05,02,08,07
2016/3/3-540759|08,07,02,06,04,10,09,01,03,05
2016/3/3-540758|05,07,06,08,10,01,02,04,09,03
2016/3/3-540757|01,04,06,08,07,09,02,10,05,03
2016/3/3-540756|06,02,05,07,04,08,10,03,01,09
2016/3/3-540755|07,05,08,04,10,02,09,06,01,03
2016/3/3-540754|07,04,03,02,06,08,01,10,09,05
2016/3/2-540594|02,05,08,07,03,06,01,09,10,04
2016/3/2-540593|09,04,07,05,10,06,02,01,08,03
2016/3/2-540592|07,02,10,09,01,06,03,08,05,04
2016/3/2-540591|05,02,10,07,09,06,01,08,03,04
2016/3/2-540590|01,08,09,07,05,03,06,10,04,02
2016/3/2-540589|01,04,06,02,03,09,10,05,07,08
2016/3/2-540588|10,05,06,09,02,08,04,03,07,01
2016/3/2-540587|09,10,01,03,08,07,05,06,02,04
2016/3/2-540586|02,08,05,03,07,01,06,04,09,10
2016/3/2-540585|01,03,10,08,07,06,04,02,09,05
2016/3/2-540584|10,09,01,06,04,07,02,03,05,08
2016/3/2-540583|03,09,01,08,05,10,04,02,06,07
2016/3/2-540582|09,01,05,06,03,07,08,04,10,02
2016/3/2-540581|08,07,10,04,02,06,05,01,03,09
2016/3/2-540580|04,09,01,08,03,02,05,10,06,07
2016/3/2-540579|09,04,02,05,01,07,06,03,10,08
2016/3/2-540578|01,09,07,08,03,06,05,10,02,04
2016/3/2-540577|07,04,08,09,05,02,10,01,06,03
2016/3/2-540576|06,05,08,10,09,04,02,01,03,07
2016/3/2-540575|03,01,08,09,07,02,10,04,05,06
2016/3/2-540574|10,06,04,07,03,09,05,02,08,01
2016/3/2-540573|10,08,02,09,06,03,01,05,07,04
2016/3/2-540572|04,03,01,08,07,10,06,09,05,02
2016/3/2-540571|01,05,03,06,04,10,09,07,08,02
2016/3/2-540570|03,02,06,07,01,08,09,05,04,10
2016/3/2-540569|05,08,04,02,10,01,03,07,06,09
2016/3/2-540568|06,05,04,01,03,07,08,09,02,10
2016/3/2-540567|09,04,07,03,02,08,06,05,01,10
2016/3/1-540566|06,09,05,03,04,08,01,07,02,10
2016/3/1-540565|09,01,07,05,03,06,02,08,10,04
2016/3/1-540564|08,06,09,04,10,02,07,03,01,05
2016/3/1-540563|06,10,01,09,04,05,08,03,07,02
2016/3/1-540562|03,04,10,07,05,02,06,01,09,08
2016/3/1-540561|08,06,01,07,09,03,10,05,04,02
2016/3/1-540560|06,09,02,03,07,10,08,04,01,05
2016/3/1-540559|04,05,02,07,06,03,10,08,01,09
2016/3/1-540558|04,01,07,10,06,02,03,09,08,05
2016/3/1-540557|07,02,06,09,08,03,01,04,05,10
2016/3/1-540556|01,09,02,05,06,10,07,08,04,03
2016/3/1-540555|05,01,10,06,07,04,08,09,02,03
2016/3/1-540554|03,04,10,02,06,08,01,05,07,09
2016/3/1-540553|06,09,05,03,01,04,08,07,10,02
2016/3/1-540552|06,08,09,05,02,04,07,10,03,01
2016/3/1-540551|01,10,09,02,07,04,08,03,05,06
2016/3/1-540550|06,03,08,01,10,05,09,04,02,07
2016/3/1-540549|09,02,04,10,08,07,03,05,01,06
2016/3/1-540548|04,05,07,09,03,08,01,02,10,06
2016/3/1-540547|02,03,01,05,06,08,04,10,07,09
2016/3/1-540546|07,04,06,01,05,03,09,10,02,08
2016/3/1-540545|01,03,05,10,08,09,06,07,04,02
2016/3/1-540544|06,03,10,01,02,04,09,05,07,08
2016/3/1-540543|10,08,09,03,07,04,06,05,02,01
2016/3/1-540542|08,10,07,01,09,05,04,03,06,02
2016/3/1-540541|07,04,09,05,03,01,02,08,06,10
2016/3/1-540540|05,04,10,07,01,09,06,02,08,03
2016/3/1-540539|05,02,03,08,04,10,01,07,09,06
2016/3/1-540538|06,02,01,03,09,04,07,10,05,08
2016/3/1-540537|08,03,01,04,05,07,10,09,02,06
2016/3/1-540536|10,08,04,02,07,06,05,01,09,03
2016/3/1-540535|08,02,10,04,01,07,06,09,03,05
2016/3/1-540534|05,10,03,02,01,09,04,08,07,06
2016/3/1-540533|06,07,09,02,08,04,03,05,10,01
2016/3/1-540532|05,02,04,03,01,10,09,06,07,08
2016/3/1-540531|08,03,05,10,09,02,07,04,06,01
2016/3/1-540530|08,10,06,02,09,07,04,01,03,05
2016/3/1-540529|10,03,02,08,04,09,07,05,01,06
2016/3/1-540528|01,06,05,03,04,10,08,09,07,02
2016/3/1-540527|05,10,01,06,09,07,02,04,08,03
2016/3/1-540526|04,07,08,06,02,01,03,10,05,09
2016/3/1-540525|08,01,07,09,05,03,04,06,10,02
2016/3/1-540524|05,03,08,10,06,01,09,02,04,07
2016/3/1-540523|08,06,04,10,02,03,07,01,05,09
2016/3/1-540522|09,02,05,08,01,10,04,03,06,07
2016/3/1-540521|07,09,04,01,08,05,06,10,03,02
2016/3/1-540520|04,01,07,09,02,10,06,08,05,03
2016/3/1-540519|01,04,02,03,06,09,10,07,08,05
2016/3/1-540518|07,04,05,08,03,09,10,01,06,02
2016/3/1-540517|07,10,05,01,08,04,09,06,02,03
2016/3/1-540516|10,01,06,03,05,07,04,09,02,08
2016/3/1-540515|06,03,08,05,07,10,01,04,02,09
2016/3/1-540514|06,08,09,03,07,10,02,01,04,05
2016/3/1-540513|03,07,08,05,09,06,02,04,10,01
2016/3/1-540512|08,03,09,07,01,06,04,10,02,05
2016/3/1-540511|04,09,03,07,02,01,06,05,10,08
2016/3/1-540510|06,03,01,09,10,02,07,05,08,04
2016/3/1-540509|07,04,10,05,02,09,08,06,03,01
2016/3/1-540508|08,04,06,05,07,03,01,10,09,02
2016/3/1-540507|04,10,07,08,06,02,01,09,05,03
2016/3/1-540506|10,04,05,07,02,06,09,03,01,08
2016/3/1-540505|04,03,08,01,06,09,07,10,02,05
2016/3/1-540504|06,03,05,07,09,08,01,10,04,02
2016/3/1-540503|05,02,09,01,04,07,06,08,03,10
2016/3/1-540502|05,10,08,09,03,06,04,02,01,07
2016/3/1-540501|08,09,02,03,06,01,10,04,05,07
2016/3/1-540500|08,01,10,07,09,04,02,03,06,05
2016/3/1-540499|03,07,04,10,01,08,06,02,05,09
2016/3/1-540498|02,09,04,08,03,06,07,01,10,05
2016/3/1-540497|10,09,04,05,07,02,03,06,01,08
2016/3/1-540496|10,02,06,01,03,09,05,04,08,07
2016/3/1-540495|08,02,07,01,05,06,04,03,10,09
2016/3/1-540494|08,09,01,03,10,07,06,02,05,04
2016/3/1-540493|05,04,01,06,07,02,10,03,09,08
2016/3/1-540492|03,09,05,02,06,01,10,04,08,07
2016/3/1-540491|02,07,09,04,03,05,06,08,10,01
2016/3/1-540490|05,01,03,10,07,02,08,04,09,06
2016/3/1-540489|06,09,10,02,03,04,05,07,01,08
2016/3/1-540488|01,07,04,02,09,03,06,10,05,08
2016/3/1-540487|05,04,10,09,02,01,08,03,06,07
2016/3/1-540486|01,02,10,06,09,04,05,07,08,03
2016/3/1-540485|08,05,10,04,07,03,06,09,02,01
2016/3/1-540484|05,04,02,07,06,01,09,03,10,08
2016/3/1-540483|05,10,09,01,07,08,03,06,02,04
2016/3/1-540482|05,09,08,04,03,07,01,02,10,06
2016/3/1-540481|04,05,02,06,07,03,10,08,01,09
2016/3/1-540480|06,05,08,10,07,04,09,02,01,03
2016/3/1-540479|09,10,02,01,05,04,08,06,03,07
2016/3/1-540478|01,04,09,06,05,07,10,03,02,08
2016/3/1-540477|03,02,04,06,05,07,08,09,01,10
2016/3/1-540476|04,05,10,06,09,01,03,07,02,08
2016/3/1-540475|05,08,04,01,09,10,02,03,07,06
2016/3/1-540474|05,08,06,03,01,07,10,02,04,09
2016/3/1-540473|06,02,03,04,05,09,08,10,07,01
2016/3/1-540472|02,07,10,01,03,05,09,04,06,08
2016/3/1-540471|01,03,02,06,05,07,09,04,08,10
2016/3/1-540470|05,03,08,01,10,07,04,06,09,02
2016/3/1-540469|04,07,03,10,09,06,08,02,01,05
2016/3/1-540468|06,10,07,09,08,03,04,05,01,02
2016/3/1-540467|03,08,10,01,02,04,07,05,06,09
2016/3/1-540466|01,09,10,02,05,07,03,04,06,08
2016/3/1-540465|05,06,08,09,02,10,01,04,07,03
2016/3/1-540464|09,07,08,10,05,02,06,04,01,03
2016/3/1-540463|02,05,09,01,06,10,07,08,03,04
2016/3/1-540462|03,05,01,02,04,10,09,07,06,08
2016/3/1-540461|05,01,04,06,10,08,03,07,09,02
2016/3/1-540460|05,03,09,06,02,10,04,08,07,01
2016/3/1-540459|08,09,01,06,03,10,07,02,05,04
2016/3/1-540458|10,09,08,03,06,04,05,01,07,02
2016/3/1-540457|03,05,06,09,08,07,10,02,04,01
2016/3/1-540456|08,02,03,06,05,07,09,01,10,04
2016/3/1-540455|10,02,09,08,04,07,03,06,05,01
2016/3/1-540454|08,06,05,09,10,04,07,01,02,03
2016/3/1-540453|07,03,05,08,01,10,04,06,09,02
2016/3/1-540452|02,08,04,07,09,05,06,10,03,01
2016/3/1-540451|09,06,04,08,10,01,07,02,05,03
2016/3/1-540450|08,09,04,05,07,06,10,02,01,03
2016/3/1-540449|07,04,02,10,01,09,08,05,03,06
2016/3/1-540448|01,02,03,10,08,04,09,05,07,06
2016/3/1-540447|06,01,02,05,10,08,09,03,07,04
2016/3/1-540446|02,06,08,09,07,05,03,04,10,01
2016/3/1-540445|07,02,06,10,09,04,03,08,05,01
2016/3/1-540444|10,08,04,06,01,05,09,07,02,03
2016/3/1-540443|09,06,04,01,10,08,05,03,02,07
2016/3/1-540442|01,07,05,09,08,02,03,06,04,10
2016/3/1-540441|09,02,03,07,01,10,06,04,08,05
2016/3/1-540440|03,05,09,06,08,07,01,02,04,10
2016/3/1-540439|07,06,03,08,04,05,10,02,01,09
2016/3/1-540438|04,06,03,08,01,10,05,07,09,02
2016/3/1-540437|09,08,01,04,03,05,02,10,06,07
2016/3/1-540436|06,03,08,01,02,10,05,07,09,04
2016/3/1-540435|04,02,09,08,03,05,10,07,01,06
2016/3/1-540434|02,08,07,09,01,03,06,04,05,10
2016/3/1-540433|02,03,09,06,04,10,05,01,07,08
2016/3/1-540432|09,04,08,10,02,05,06,03,07,01
2016/3/1-540431|09,01,03,02,10,08,06,04,07,05
2016/3/1-540430|06,07,10,09,08,04,03,05,02,01
2016/3/1-540429|02,06,01,09,07,04,03,05,10,08
2016/3/1-540428|02,05,04,07,03,06,08,01,10,09
2016/3/1-540427|06,05,08,01,02,09,03,10,04,07
2016/3/1-540426|01,10,07,02,03,08,05,04,06,09
2016/3/1-540425|09,04,03,06,10,08,01,07,05,02
2016/3/1-540424|10,09,08,04,03,01,02,07,06,05
2016/3/1-540423|10,05,06,07,01,04,09,02,03,08
2016/3/1-540422|10,01,02,03,04,07,06,09,05,08
2016/3/1-540421|06,03,08,02,04,01,05,07,09,10
2016/3/1-540420|01,10,06,02,05,07,09,03,04,08
2016/3/1-540419|07,10,06,08,04,05,03,02,09,01
2016/3/1-540418|10,04,08,02,06,09,07,05,03,01
2016/3/1-540417|06,04,05,07,08,09,03,02,10,01
2016/3/1-540416|03,04,05,06,10,09,02,08,07,01
2016/3/1-540415|01,09,10,02,07,04,05,06,03,08
2016/3/1-540414|04,02,09,01,06,07,10,08,03,05
2016/3/1-540413|10,06,08,02,07,04,01,05,03,09
2016/3/1-540412|04,01,05,10,09,02,07,08,03,06
2016/3/1-540411|02,04,03,10,08,07,05,09,06,01
2016/3/1-540410|01,09,03,02,08,06,10,05,07,04
2016/3/1-540409|08,05,01,02,06,03,09,10,04,07
2016/3/1-540408|03,10,05,07,02,01,09,06,04,08
2016/3/1-540407|04,07,08,03,01,05,09,10,06,02
2016/3/1-540406|09,04,02,10,06,01,05,03,08,07
2016/3/1-540405|07,04,06,10,02,05,03,08,01,09
2016/3/1-540404|08,05,04,02,09,06,07,01,03,10
2016/3/1-540403|05,01,06,02,04,07,10,03,08,09
2016/3/1-540402|05,08,07,06,10,01,02,03,09,04
2016/3/1-540401|04,05,09,10,02,06,07,03,01,08
2016/3/1-540400|01,10,02,05,09,03,06,08,07,04
2016/3/1-540399|08,03,01,05,02,06,07,09,10,04
2016/3/1-540398|01,06,04,08,10,02,03,07,09,05
2016/3/1-540397|08,07,04,02,06,10,03,05,09,01
2016/3/1-540396|03,01,07,04,06,02,10,05,09,08
2016/3/1-540395|01,07,10,06,09,03,04,08,05,02
2016/3/1-540394|01,09,02,06,04,07,10,03,05,08
2016/3/1-540393|07,08,06,02,03,04,10,01,09,05
2016/3/1-540392|05,08,06,04,01,07,10,02,09,03
2016/3/1-540391|03,08,06,02,09,01,10,04,07,05
2016/3/1-540390|06,03,09,02,08,04,07,01,10,05
2016/3/1-540389|10,02,05,06,03,09,08,01,07,04
2016/3/1-540388|05,01,04,09,03,02,08,06,10,07
2016/2/29-540387|09,08,10,03,06,07,04,05,01,02
2016/2/29-540386|10,05,04,03,07,06,09,08,01,02
2016/2/29-540385|07,03,06,08,05,04,10,09,01,02
2016/2/29-540384|02,05,04,08,07,01,06,10,09,03
2016/2/29-540383|09,05,01,06,02,08,03,07,10,04
2016/2/29-540382|01,07,04,09,02,10,03,05,06,08
2016/2/29-540381|04,02,08,06,05,01,03,09,07,10
2016/2/29-540380|03,07,09,10,05,01,02,04,08,06
2016/2/29-540379|09,08,03,10,05,07,06,02,04,01
2016/2/29-540378|03,02,05,10,04,01,08,07,09,06
2016/2/29-540377|10,06,04,02,03,08,01,05,09,07
2016/2/29-540376|01,04,06,07,02,08,03,09,05,10
2016/2/29-540375|06,09,01,07,03,08,05,10,04,02
2016/2/29-540374|09,05,08,06,03,10,07,02,04,01
2016/2/29-540373|03,06,05,01,04,10,08,09,07,02
2016/2/29-540372|05,08,01,10,02,03,04,07,06,09
2016/2/29-540371|10,04,03,05,02,06,07,01,08,09
2016/2/29-540370|01,06,08,07,10,03,02,05,04,09
2016/2/29-540369|08,09,04,01,10,02,07,03,05,06
2016/2/29-540368|01,09,10,05,07,02,04,03,06,08
2016/2/29-540367|01,10,08,05,09,04,06,02,03,07
2016/2/29-540366|10,09,01,02,07,03,06,05,04,08
2016/2/29-540365|02,07,08,10,01,06,09,04,03,05
2016/2/29-540364|08,03,09,04,02,01,07,10,05,06
2016/2/29-540363|02,01,10,03,08,05,07,06,09,04
2016/2/29-540362|06,03,10,09,02,01,04,05,07,08
2016/2/29-540361|03,01,10,04,08,09,02,06,07,05
2016/2/29-540360|05,10,06,07,01,04,08,09,03,02
2016/2/29-540359|02,05,04,01,03,10,06,08,07,09
2016/2/29-540358|08,02,10,09,07,04,06,05,03,01
2016/2/29-540357|07,01,06,05,02,09,10,04,08,03
2016/2/29-540356|01,05,09,07,08,04,02,10,06,03
2016/2/29-540355|05,04,06,02,03,08,09,10,01,07
2016/2/29-540354|07,05,10,04,06,01,02,09,08,03
2016/2/29-540353|06,08,02,01,03,09,10,04,07,05
2016/2/29-540352|09,07,01,08,05,10,03,02,06,04
2016/2/29-540351|03,04,09,08,02,01,07,05,10,06
2016/2/29-540350|02,09,03,08,10,04,06,05,01,07
2016/2/29-540349|02,10,06,07,01,03,08,04,09,05
2016/2/29-540348|06,03,07,10,05,01,08,02,04,09
2016/2/29-540347|10,08,09,04,01,03,05,06,02,07
2016/2/29-540346|01,05,09,07,04,03,08,10,06,02
2016/2/29-540345|04,03,09,05,07,02,08,06,10,01
2016/2/29-540344|08,06,03,04,01,10,09,07,02,05
2016/2/29-540343|07,01,03,09,02,08,05,06,10,04
2016/2/29-540342|07,06,09,05,10,01,02,08,03,04
2016/2/29-540341|08,05,09,02,04,03,01,07,06,10
2016/2/29-540340|07,03,05,01,02,04,10,08,09,06
2016/2/29-540339|08,07,10,04,01,09,06,03,02,05
2016/2/29-540338|09,01,03,08,06,02,10,04,05,07
2016/2/29-540337|10,04,09,07,02,03,01,06,05,08
2016/2/29-540336|08,06,07,09,10,02,05,04,03,01
2016/2/29-540335|03,01,05,09,06,04,08,07,02,10
2016/2/29-540334|10,01,02,05,04,09,06,08,03,07
2016/2/29-540333|04,08,09,10,06,07,03,05,01,02
2016/2/29-540332|07,05,06,10,03,08,01,04,09,02
2016/2/29-540331|06,04,09,05,01,03,07,08,10,02
2016/2/29-540330|03,05,08,01,02,09,04,06,10,07
2016/2/29-540329|01,06,10,04,09,08,05,02,03,07
2016/2/29-540328|09,04,01,02,10,06,07,03,08,05
2016/2/29-540327|06,05,03,07,01,09,04,10,02,08
2016/2/29-540326|04,07,01,02,10,06,05,09,08,03
2016/2/29-540325|07,09,01,10,06,04,02,08,05,03
2016/2/29-540324|01,02,04,03,10,06,09,07,05,08
2016/2/29-540323|05,07,01,10,04,08,03,06,02,09
2016/2/29-540322|06,08,02,05,03,04,01,09,07,10
2016/2/29-540321|07,10,05,01,02,08,04,09,06,03
2016/2/29-540320|10,02,01,05,09,08,07,06,03,04
2016/2/29-540319|02,08,07,03,06,10,05,01,04,09
2016/2/29-540318|04,01,10,08,06,02,09,03,07,05
2016/2/29-540317|03,10,06,07,08,01,04,05,02,09
2016/2/29-540316|10,05,06,08,07,03,02,01,09,04
2016/2/29-540315|03,09,10,01,05,04,08,02,07,06
2016/2/29-540314|04,05,10,01,07,08,09,02,03,06
2016/2/29-540313|06,08,01,07,05,02,04,09,03,10
2016/2/29-540312|07,09,06,04,02,05,08,01,10,03
2016/2/29-540311|07,05,01,08,06,03,02,04,10,09
2016/2/29-540310|01,06,02,04,03,07,09,08,05,10
2016/2/29-540309|01,07,10,09,04,02,05,06,08,03
2016/2/29-540308|09,04,07,02,08,10,06,05,01,03
2016/2/29-540307|03,08,01,05,04,07,09,06,10,02
2016/2/29-540306|01,05,07,09,10,02,04,08,03,06
2016/2/29-540305|04,05,09,07,10,02,01,03,06,08
2016/2/29-540304|03,02,09,04,08,05,10,06,07,01
2016/2/29-540303|04,03,09,06,01,02,07,08,05,10
2016/2/29-540302|07,03,05,01,09,06,04,02,08,10
2016/2/29-540301|09,08,01,04,10,06,05,07,02,03
2016/2/29-540300|06,04,01,09,02,08,10,05,03,07
2016/2/29-540299|06,01,02,08,05,09,07,04,03,10
2016/2/29-540298|08,02,05,01,04,03,06,07,09,10
2016/2/29-540297|09,03,10,05,07,08,06,04,02,01
2016/2/29-540296|08,07,10,01,04,06,03,05,09,02
2016/2/29-540295|07,02,05,06,01,04,10,09,03,08
2016/2/29-540294|07,06,10,09,04,02,05,01,03,08
2016/2/29-540293|10,02,05,01,03,09,06,04,07,08
2016/2/29-540292|10,09,06,03,07,05,01,02,04,08
2016/2/29-540291|09,02,10,04,08,01,06,03,07,05
2016/2/29-540290|05,01,07,10,08,02,09,03,04,06
2016/2/29-540289|03,07,04,08,06,05,09,01,02,10
2016/2/29-540288|07,05,02,09,08,03,04,01,06,10
2016/2/29-540287|04,02,01,08,03,06,05,10,07,09
2016/2/29-540286|07,09,06,10,03,04,08,02,05,01
2016/2/29-540285|10,04,05,07,03,06,02,09,01,08
2016/2/29-540284|06,04,08,07,09,05,10,01,03,02
2016/2/29-540283|03,07,04,02,08,10,05,01,06,09
2016/2/29-540282|06,05,04,01,09,03,10,02,08,07
2016/2/29-540281|07,09,10,04,03,01,08,05,06,02
2016/2/29-540280|01,06,07,03,09,02,10,05,04,08
2016/2/29-540279|07,08,10,04,01,02,06,05,03,09
2016/2/29-540278|04,01,05,10,08,02,03,07,09,06
2016/2/29-540277|03,10,01,04,08,09,02,06,07,05