20160308-035|05,08,02,11,06
20160308-018|01,11,05,10,08
20160308-017|09,07,08,01,06
20160308-014|02,07,08,10,04
20160308-005|04,09,07,10,06
20160308-001|03,07,08,10,11
20160307-075|05,11,07,02,10
20160307-068|05,08,04,03,06
20160307-067|07,04,09,01,08
20160307-058|06,04,11,05,01
20160307-042|05,10,08,11,03
20160307-038|01,06,04,03,10
20160307-037|04,03,05,01,09
20160307-030|03,05,10,02,11
20160307-028|09,07,04,03,10
20160307-023|01,05,02,11,06
20160307-022|10,01,07,08,03
20160307-019|07,04,05,11,03
20160307-009|06,10,11,04,08
20160305-053|08,02,11,03,07
20160305-048|10,09,05,11,01
20160305-047|03,09,08,04,06
20160305-046|06,04,05,02,09
20160305-045|09,01,05,10,08
20160305-044|05,04,09,07,02
20160305-043|07,09,04,11,01
20160305-042|07,02,04,03,10
20160305-041|02,10,06,08,09
20160305-040|07,08,04,02,06
20160305-039|03,07,11,05,09
20160305-038|08,02,11,01,09
20160305-037|01,07,11,08,10
20160305-036|05,11,07,03,01
20160305-035|03,07,06,01,11
20160305-034|10,04,07,08,01
20160305-033|09,05,11,10,03
20160305-032|05,03,10,11,07
20160305-031|08,02,07,05,01
20160305-030|07,11,03,06,05
20160305-029|05,04,10,06,03
20160305-028|01,11,08,10,09
20160305-027|10,05,02,06,09
20160305-026|09,08,01,04,10
20160305-025|10,03,11,08,06
20160305-024|10,03,01,06,05
20160305-023|06,01,07,05,10
20160305-022|09,07,10,06,01
20160305-021|04,01,02,05,09
20160305-020|10,06,05,07,11
20160305-019|08,01,06,05,07
20160305-018|11,01,06,04,05
20160305-017|11,03,07,09,01
20160305-016|05,07,08,01,03
20160305-015|05,04,11,09,07
20160305-014|08,11,09,10,04
20160305-013|09,03,01,02,10
20160305-012|10,06,11,02,04
20160305-011|10,05,11,02,09
20160305-010|02,04,09,11,05
20160305-009|02,01,07,11,10
20160305-008|03,04,09,10,08
20160305-007|05,08,04,02,01
20160305-006|11,10,06,03,02
20160305-005|06,08,03,04,02
20160305-004|10,08,01,06,11
20160305-003|08,03,06,02,05
20160305-002|07,11,05,08,09
20160305-001|02,11,08,05,07
20160304-078|10,09,11,04,01
20160304-077|05,03,06,11,10
20160304-076|10,06,07,08,05
20160304-075|06,02,09,03,08
20160304-074|11,02,01,07,03
20160304-073|01,10,09,06,02
20160304-072|09,06,10,02,01
20160304-071|04,09,02,05,06
20160304-070|01,06,04,02,08
20160304-069|03,01,05,09,02
20160304-068|06,04,08,03,01
20160304-067|01,08,06,09,02
20160304-066|06,01,02,09,03
20160304-065|04,02,01,10,11
20160304-064|11,06,07,01,05
20160304-063|11,06,05,03,02
20160304-062|06,11,09,07,05
20160304-061|08,09,03,01,06
20160304-060|06,02,11,10,08
20160304-059|10,05,08,07,03
20160304-058|09,11,08,05,10
20160304-057|01,10,06,07,03
20160304-056|08,06,05,07,10
20160304-055|01,10,05,08,02
20160304-054|04,09,10,07,08
20160304-053|02,08,10,07,05
20160304-052|01,08,03,05,09
20160304-051|04,07,10,11,08
20160304-050|04,07,03,10,01
20160304-049|01,02,11,07,06
20160304-048|07,04,03,11,05
20160304-047|04,07,06,05,08
20160304-046|09,05,06,03,11
20160304-045|03,01,06,09,04
20160304-044|09,07,02,06,04
20160304-043|11,08,09,02,10
20160304-042|11,07,02,10,06
20160304-041|10,09,04,06,08
20160304-040|09,05,01,04,02
20160304-039|09,04,07,02,06
20160304-038|10,04,07,03,09
20160304-037|08,05,11,10,03
20160304-036|08,04,06,11,05
20160304-035|02,01,04,07,10
20160304-034|05,04,07,01,09
20160304-033|02,09,07,10,04
20160304-032|02,07,10,06,03
20160304-031|06,04,03,09,01
20160304-030|05,07,02,08,11
20160304-029|04,07,03,05,08
20160304-028|02,01,08,04,03
20160304-027|02,03,06,07,01
20160304-026|01,05,09,08,03
20160304-025|06,05,02,04,11
20160304-024|10,11,09,07,04
20160304-023|02,01,05,04,03
20160304-022|08,02,07,09,05
20160304-021|05,02,04,10,11
20160304-020|05,03,04,10,02
20160304-019|08,07,09,02,04
20160304-018|09,07,03,02,10
20160304-017|01,10,11,07,04
20160304-016|09,02,01,11,04
20160304-015|02,03,05,10,09
20160304-014|10,01,07,08,03
20160304-013|07,01,04,03,05
20160304-012|01,10,09,05,02
20160304-011|02,03,06,09,08
20160304-010|09,03,05,10,02
20160304-009|03,05,08,09,04
20160304-008|10,05,06,01,04
20160304-007|08,02,09,05,11
20160304-006|03,07,02,01,08
20160304-005|09,08,10,02,07
20160304-004|08,03,05,01,02
20160304-003|04,11,01,08,03
20160304-002|07,02,11,03,10
20160304-001|10,11,09,03,08
20160303-078|05,06,10,02,01
20160303-077|08,11,02,05,10
20160303-076|09,04,03,10,07
20160303-075|07,10,11,02,04
20160303-074|03,06,02,07,08
20160303-073|09,03,05,06,04
20160303-072|07,06,10,03,01
20160303-071|06,04,07,10,08
20160303-070|01,10,11,04,06
20160303-069|01,10,09,11,06
20160303-068|07,01,08,10,06
20160303-067|06,02,05,07,09
20160303-066|11,10,06,02,05
20160303-065|09,06,10,07,05
20160303-064|10,08,07,04,11
20160303-063|10,09,11,05,04
20160303-062|08,05,01,11,02
20160303-061|10,01,02,11,06
20160303-060|02,11,03,10,06
20160303-059|06,03,01,08,10
20160303-058|08,04,09,02,05
20160303-057|01,03,11,10,02
20160303-056|06,10,02,04,01
20160303-055|04,10,03,06,02
20160303-054|06,08,07,10,09
20160303-053|11,09,06,03,01
20160303-052|08,03,01,10,11
20160303-051|07,11,08,03,04
20160303-050|05,07,08,06,01
20160303-049|11,05,04,09,01
20160303-048|02,04,10,01,03
20160303-047|09,04,11,03,01
20160303-046|11,01,04,05,02
20160303-045|09,05,02,11,08
20160303-044|05,04,03,10,02
20160303-043|07,10,11,04,01
20160303-042|10,09,05,07,08
20160303-041|01,09,08,06,03
20160303-040|11,09,10,04,02
20160303-037|08,01,03,10,07
20160303-033|10,04,11,09,07
20160303-032|05,11,02,10,08
20160303-031|07,09,04,10,01
20160303-030|04,10,06,01,03
20160303-029|09,06,01,10,07
20160303-028|09,11,02,04,06
20160303-027|01,10,05,04,07
20160303-026|09,06,08,11,04
20160303-025|10,06,01,05,04
20160303-024|02,01,10,03,09
20160303-023|11,04,01,02,05
20160303-022|11,09,06,05,02
20160303-021|10,02,03,06,01
20160303-020|03,02,07,08,10
20160303-019|04,05,11,01,03
20160303-018|06,08,02,01,10
20160303-017|08,05,07,09,04
20160303-016|01,11,09,06,03
20160303-015|02,05,07,01,11
20160303-014|09,11,05,03,04
20160303-013|02,03,04,07,11
20160303-012|06,09,02,03,07
20160303-011|09,10,06,05,02
20160303-010|04,02,10,01,07
20160303-009|07,04,10,06,05
20160303-008|04,01,03,09,08
20160303-007|05,09,07,06,08
20160303-006|03,09,07,05,01
20160302-014|06,10,02,04,07
20160302-013|07,09,02,08,06
20160302-012|02,08,03,04,05
20160302-011|05,02,06,04,10
20160302-010|02,11,04,03,05
20160302-008|09,04,05,06,11
20160302-007|02,11,05,01,09
20160302-006|01,09,11,08,04
20160302-005|01,09,08,03,04
20160302-004|08,03,05,02,06
20160302-003|08,11,10,05,06
20160302-002|02,08,05,09,07
20160302-001|08,02,07,01,05
20160301-076|08,04,11,03,02
20160301-075|11,07,05,04,02
20160301-074|10,06,05,07,09
20160301-068|01,10,08,05,09
20160301-064|07,11,03,09,08
20160301-060|06,05,09,11,04
20160301-059|05,01,07,03,06
20160301-055|09,07,01,02,08
20160301-054|09,07,08,04,10
20160301-053|11,04,09,02,06
20160301-051|01,07,08,03,06
20160301-047|08,04,02,03,05
20160301-046|10,06,09,02,07
20160301-042|06,11,05,10,07
20160301-039|11,04,07,10,05
20160301-035|07,06,01,05,08
20160301-027|02,10,09,06,03
20160301-021|06,05,09,04,02
20160301-017|04,07,11,03,02
20160301-016|01,11,10,09,07
20160301-014|11,06,02,09,03
20160301-012|01,05,07,09,02
20160301-011|07,02,06,10,04
20160301-005|02,07,11,04,06
20160301-001|05,02,09,11,07
20160229-078|04,05,09,07,03
20160229-075|04,03,09,05,11
20160229-074|03,01,02,11,08
20160229-073|10,11,01,03,05
20160229-071|11,02,06,05,04
20160229-065|03,07,09,11,02
20160229-064|01,02,06,08,04
20160229-063|02,11,03,06,07
20160229-061|06,10,04,03,07
20160229-060|06,09,10,04,03
20160229-059|06,08,07,03,04
20160229-058|02,10,08,01,05
20160229-056|07,05,04,08,03
20160229-051|08,07,09,01,06
20160229-049|01,05,03,07,02
20160229-048|04,09,11,10,05
20160229-045|07,09,05,06,01
20160229-044|07,04,05,01,11
20160229-040|06,07,03,04,02
20160229-039|08,05,11,02,09
20160229-036|11,09,08,10,06
20160229-035|10,01,02,06,03
20160229-033|11,02,06,07,08
20160229-032|07,05,08,10,03
20160229-029|08,10,02,01,05
20160229-028|09,10,02,11,07
20160229-026|10,06,07,09,01
20160229-024|03,11,05,04,02
20160229-023|05,04,10,06,08
20160229-016|06,02,10,08,04
20160229-015|06,11,10,01,08
20160229-014|09,06,03,08,02
20160229-012|03,02,05,04,08
20160229-011|04,07,06,08,10
20160229-010|03,10,06,01,02
20160229-005|06,11,10,09,04
20160229-004|11,05,10,07,03
20160228-076|04,01,02,10,03
20160228-075|09,11,03,08,02
20160228-072|01,09,03,11,07
20160228-071|08,07,10,04,05
20160228-068|08,04,01,07,06
20160228-066|02,04,01,06,09
20160228-065|06,11,05,02,07
20160228-064|10,04,08,11,09
20160228-062|07,11,09,08,02
20160228-061|10,03,02,09,08
20160228-060|06,08,07,09,11
20160228-059|08,07,11,10,01
20160228-058|11,07,08,04,06
20160228-056|01,11,02,05,08
20160228-054|07,11,01,08,06
20160228-050|11,02,06,03,04
20160228-045|11,09,01,06,08
20160228-043|08,10,06,09,03
20160228-042|05,08,10,07,11
20160228-041|03,05,07,02,04
20160228-039|09,02,08,01,07
20160228-036|11,05,02,07,04
20160228-034|10,06,08,02,07
20160228-032|01,02,05,04,11
20160228-031|02,05,09,03,07
20160228-028|07,01,02,09,03
20160228-026|01,10,07,11,05
20160228-022|06,11,08,05,07
20160228-021|06,02,01,03,08
20160228-019|09,07,05,01,03
20160228-016|05,06,08,04,11
20160228-015|02,03,07,08,06
20160228-014|06,03,01,02,07
20160228-012|11,07,02,04,05
20160228-010|10,06,09,07,11
20160228-009|06,08,03,10,02
20160228-008|07,05,10,02,06
20160228-007|03,08,10,04,06
20160228-005|03,07,08,02,10
20160228-003|02,04,11,01,05
20160228-002|04,07,03,05,10
20160228-001|10,08,02,09,03
20160227-078|01,07,09,03,08
20160227-077|09,10,06,08,11
20160227-075|09,10,01,03,07
20160227-074|04,10,07,05,09
20160227-072|03,01,09,04,11
20160227-071|02,04,08,03,07
20160227-070|10,04,05,06,03
20160227-069|10,04,01,07,02
20160227-065|05,04,11,06,09
20160227-063|09,06,05,03,01
20160227-061|06,03,02,04,09
20160227-060|01,09,07,06,03
20160227-057|07,10,11,06,03
20160227-055|08,02,09,01,05
20160227-054|10,05,01,02,04
20160227-052|04,10,03,02,11
20160227-051|11,07,04,08,01
20160227-049|09,05,03,02,11
20160227-048|09,08,02,05,06
20160227-047|06,10,04,11,09
20160227-044|03,01,10,06,08
20160227-042|01,10,03,08,07
20160227-029|03,02,10,08,01
20160227-028|04,02,10,09,01
20160227-026|04,11,02,01,07
20160227-024|10,05,09,11,03
20160227-023|04,11,02,07,09
20160227-022|02,08,04,09,10
20160227-021|01,06,07,10,11
20160227-018|10,09,02,11,01
20160227-017|04,01,05,03,07
20160227-015|01,03,10,11,09
20160227-014|07,03,02,04,10
20160227-013|06,01,04,09,03
20160227-012|02,05,04,11,06
20160226-033|10,09,06,03,02
20160226-028|05,07,06,10,11
20160226-026|07,02,11,10,08
20160226-025|09,01,07,11,02
20160226-024|05,10,11,01,08
20160226-022|09,04,07,11,05
20160226-021|03,07,05,10,06
20160226-014|07,09,08,05,04
20160226-013|06,04,07,03,09
20160226-012|04,08,10,03,02
20160226-011|04,07,10,01,06
20160226-010|05,08,04,09,02
20160226-009|05,01,10,04,08
20160226-008|11,03,02,01,08
20160226-007|01,05,07,06,09
20160225-048|02,10,08,11,09
20160225-046|10,08,05,11,02
20160225-016|10,06,08,05,03
20160225-015|02,09,06,05,08
20160225-013|06,05,09,08,01
20160225-012|04,11,01,10,02
20160225-011|02,08,09,11,05
20160225-010|08,07,11,04,02
20160225-009|07,04,06,05,09
20160225-008|11,06,08,07,01
20160225-007|04,08,09,11,10
20160225-006|05,03,02,09,04
20160225-004|07,03,11,06,09
20160225-003|11,09,01,04,02
20160225-002|07,10,09,01,03
20160225-001|05,01,08,09,03
20160224-078|04,01,05,10,08
20160224-076|06,04,09,07,02
20160224-075|10,03,11,08,02
20160224-074|02,07,09,05,01
20160224-073|08,03,01,07,11
20160224-072|05,02,01,04,10
20160224-071|07,04,02,06,01
20160224-070|03,10,08,05,01
20160224-068|03,04,09,10,02
20160224-066|10,08,04,02,01
20160224-065|06,04,03,07,08
20160224-064|06,05,02,03,08
20160224-063|11,09,02,07,04
20160224-062|02,04,09,07,01
20160224-061|07,01,10,03,05
20160224-060|03,05,02,04,06
20160224-058|01,08,06,07,05
20160224-057|04,05,02,07,10
20160224-056|05,07,03,11,02
20160224-054|06,03,08,07,09
20160224-052|09,07,04,02,01
20160224-051|10,09,01,06,03
20160224-049|03,01,02,09,05
20160224-047|03,05,08,02,06
20160224-046|06,02,10,03,05
20160224-045|08,01,07,02,06
20160224-044|02,09,04,10,06
20160224-043|01,03,07,05,02
20160224-042|01,04,02,07,10
20160224-041|10,11,06,02,04
20160224-040|06,07,09,02,10
20160224-039|09,01,07,02,05
20160224-038|07,01,09,10,06
20160224-037|04,10,09,03,01
20160224-036|05,04,02,10,03
20160224-035|10,01,11,06,08
20160224-034|01,08,07,11,06
20160224-033|06,07,01,02,03
20160224-032|03,11,09,07,01
20160224-031|09,06,02,07,01
20160224-030|03,07,02,04,05
20160224-029|02,08,10,05,06
20160224-028|11,04,01,05,02
20160224-026|03,06,05,07,09
20160224-025|03,11,06,02,10
20160224-024|01,11,05,02,09
20160224-023|03,06,07,11,02
20160224-022|02,06,10,08,04
20160224-021|11,05,09,08,07
20160224-020|11,06,05,03,08
20160224-016|02,07,11,08,04
20160224-015|03,02,08,11,10
20160224-014|03,02,08,01,11
20160224-013|03,08,11,07,04
20160224-012|09,06,11,03,01
20160224-011|07,11,05,09,06
20160224-010|01,05,06,02,04
20160224-009|03,10,06,01,11
20160224-008|08,05,02,01,11
20160224-006|10,11,02,08,05
20160224-005|04,11,09,10,05
20160224-004|05,03,06,10,09
20160224-003|07,10,02,06,11
20160224-002|09,06,07,11,03
20160224-001|03,08,07,10,01
20160223-078|08,09,03,07,11
20160223-077|08,10,09,11,07
20160223-075|04,09,06,10,02
20160223-074|05,06,03,10,01
20160223-073|11,04,09,06,10
20160223-072|11,09,01,10,06
20160223-071|05,04,06,03,02
20160223-069|08,09,04,03,05
20160223-068|07,03,02,10,01
20160223-067|02,01,08,03,11
20160223-066|11,09,05,07,02
20160223-065|08,11,06,10,05
20160223-064|01,03,04,08,07
20160223-063|09,04,01,08,05
20160223-062|06,03,04,11,10
20160223-060|05,01,08,11,09
20160223-059|09,11,06,10,01
20160223-058|11,07,05,09,02
20160223-055|10,08,04,11,07
20160223-054|04,03,05,01,10
20160223-053|02,01,08,04,10
20160223-052|10,08,04,02,03
20160223-051|05,01,10,09,04
20160223-050|11,09,03,02,10
20160223-049|04,03,11,10,06
20160223-048|03,05,02,08,09
20160223-046|05,08,11,06,09
20160223-045|09,07,05,08,04
20160223-044|07,05,08,03,10
20160223-043|09,08,02,04,07
20160223-042|02,09,10,06,03
20160223-041|04,06,08,10,11
20160223-040|09,01,03,05,10
20160223-039|04,01,08,09,02
20160223-038|01,07,05,06,10
20160223-037|07,09,01,02,10
20160223-036|07,06,01,03,04
20160223-035|03,10,06,05,01
20160223-034|02,08,10,06,04
20160223-033|04,08,07,11,09
20160223-032|02,05,10,01,03
20160223-029|05,01,10,11,02
20160223-028|02,10,03,05,01
20160223-027|06,08,09,11,04
20160223-026|09,05,11,07,06
20160223-024|01,08,07,06,10
20160223-023|03,01,08,09,05
20160223-022|07,10,03,08,04
20160223-021|02,03,05,06,07
20160223-020|06,05,04,08,03
20160223-019|03,02,08,11,01
20160223-018|11,03,09,10,04
20160223-016|11,07,10,06,01
20160223-015|08,03,01,10,02
20160223-013|02,09,03,04,10
20160223-012|02,01,07,11,04
20160223-011|09,06,07,02,11
20160223-010|10,06,04,09,08
20160223-008|01,04,08,07,11
20160223-006|08,03,11,05,07
20160223-005|04,09,11,10,07
20160223-004|06,01,07,03,08
20160223-003|08,03,02,11,10
20160223-001|02,11,04,08,03
20160222-078|10,07,06,04,11
20160222-077|01,02,10,03,07
20160222-076|06,03,04,01,10
20160222-075|01,04,07,05,09
20160222-074|09,05,03,02,06
20160222-073|07,05,02,10,11
20160222-072|07,02,04,01,11
20160222-071|02,04,01,05,07
20160222-070|04,05,11,09,03
20160222-069|04,09,10,01,07
20160222-068|10,05,07,08,06
20160222-067|09,06,01,08,03
20160222-066|03,02,07,04,08
20160222-065|01,07,11,08,04
20160222-064|02,03,01,04,07
20160222-063|11,09,08,02,05
20160222-062|10,04,09,07,05
20160222-061|08,04,10,02,03
20160222-060|09,07,06,05,04
20160222-059|07,06,03,02,08
20160222-057|03,10,09,02,06
20160222-056|02,09,05,03,07
20160222-055|11,08,09,06,10
20160222-054|04,05,03,09,07
20160222-053|01,07,11,08,05
20160222-052|06,03,04,10,02
20160222-051|10,02,05,11,09
20160222-050|01,03,11,06,02
20160222-049|06,02,07,10,03
20160222-048|03,09,02,10,05
20160222-047|01,02,07,06,03
20160222-046|08,04,07,03,11
20160222-045|04,11,02,07,08
20160222-044|07,10,01,08,11
20160222-042|11,02,04,05,07
20160222-041|09,04,11,10,08
20160222-040|08,07,11,06,10
20160222-039|01,10,07,08,11
20160222-038|08,02,11,04,05
20160222-037|02,11,05,06,04
20160222-036|02,08,04,09,05
20160222-035|09,05,01,04,02
20160222-034|11,05,06,08,03
20160222-033|06,03,05,10,01
20160222-032|02,01,03,06,05
20160222-031|06,05,11,08,09
20160222-030|03,04,05,10,08
20160222-028|08,04,11,05,06
20160222-027|05,10,09,07,04
20160222-026|08,02,09,11,06
20160222-025|02,08,11,04,09
20160222-024|09,04,06,01,11
20160222-023|07,09,04,05,06
20160222-022|01,04,09,11,06
20160222-021|11,06,07,08,04
20160222-020|05,02,08,04,06
20160222-019|09,05,06,02,10
20160222-018|11,06,05,04,02
20160222-017|07,08,06,05,01
20160222-016|10,03,05,04,02
20160222-015|03,08,07,09,06
20160222-014|04,05,06,01,07
20160222-013|04,02,09,10,08
20160222-012|05,08,07,03,04
20160222-011|05,11,10,08,09
20160222-010|06,07,08,01,03
20160222-009|03,04,11,05,08
20160222-008|09,06,04,10,05
20160222-007|08,04,07,11,09
20160222-006|05,06,02,03,10
20160222-005|02,05,01,09,06
20160222-004|01,08,09,05,03
20160222-003|03,04,01,07,02
20160222-002|04,02,09,10,06
20160222-001|06,05,09,01,10
20160221-078|09,04,08,05,06
20160221-077|05,10,07,03,06
20160221-076|01,08,06,03,11
20160221-075|01,03,05,09,06
20160221-074|10,09,11,06,05
20160221-073|08,09,02,01,03
20160221-072|10,06,05,08,01
20160221-071|10,08,05,01,02
20160221-070|09,08,05,10,02
20160221-069|11,06,03,07,01
20160221-068|01,02,08,06,03
20160221-067|05,03,02,06,11
20160221-066|08,04,09,05,01
20160221-065|08,07,03,02,09
20160221-064|08,02,01,07,06
20160221-063|06,05,04,02,03
20160221-062|07,11,10,04,03
20160221-061|03,08,09,11,05
20160221-060|08,07,01,09,11
20160221-059|11,10,01,03,06
20160221-058|07,09,04,02,05
20160221-056|09,10,01,04,11
20160221-055|04,10,03,09,01
20160221-054|07,03,09,10,02
20160221-053|05,10,03,07,09
20160221-052|07,03,05,04,01
20160221-051|07,02,06,03,01
20160221-050|01,11,09,05,10
20160221-049|11,04,05,08,09
20160221-048|11,04,06,10,08
20160221-047|04,05,03,10,06
20160221-046|08,10,07,02,04
20160221-045|09,07,06,05,03
20160221-044|11,10,03,05,02
20160221-043|07,02,09,08,05
20160221-042|06,05,09,07,01
20160221-041|10,05,02,06,01
20160221-040|05,04,03,09,11
20160221-039|04,01,02,05,08
20160221-038|10,03,05,11,08
20160221-037|06,11,10,09,05
20160221-036|07,10,05,02,01
20160221-035|07,04,02,09,06
20160221-034|02,07,04,01,05
20160221-033|03,04,08,06,05
20160221-032|09,05,04,06,02
20160221-031|05,02,03,06,04
20160221-030|05,03,02,04,09
20160221-029|10,06,04,02,01
20160221-028|05,06,08,03,02
20160221-027|05,01,08,11,09
20160221-026|07,06,03,05,02
20160221-025|10,09,01,08,04
20160221-024|09,01,07,03,02
20160221-023|05,02,10,01,03
20160221-022|01,05,08,11,10
20160221-021|11,02,03,04,09
20160221-020|08,06,05,03,09
20160221-019|08,02,05,09,01
20160221-018|10,01,07,06,09
20160221-017|05,08,06,11,01
20160221-016|01,07,08,06,10
20160221-015|04,01,10,08,09
20160221-014|05,08,11,02,04
20160221-013|01,11,09,06,02
20160221-012|04,06,08,02,03
20160221-011|11,02,03,01,08
20160221-010|11,01,02,06,05
20160221-009|03,06,04,11,01
20160221-008|08,10,01,09,07
20160221-007|05,03,04,07,09
20160221-006|01,10,05,03,11
20160221-005|06,07,10,08,05
20160221-004|11,07,05,03,09
20160221-003|08,06,02,05,03
20160221-002|02,09,10,01,03
20160221-001|02,07,10,01,05
20160220-078|03,11,09,07,01
20160220-077|01,11,06,02,04
20160220-076|04,01,08,07,06
20160220-075|03,05,02,09,04
20160220-074|07,01,05,08,02
20160220-073|05,02,03,08,06
20160220-071|08,01,04,09,03
20160220-070|09,04,08,01,05
20160220-068|11,01,07,10,08
20160220-067|09,03,07,10,11
20160220-066|01,08,10,09,02
20160220-065|10,11,04,01,08
20160220-064|04,03,06,05,10
20160220-062|05,04,09,07,02
20160220-061|08,11,01,09,06
20160220-060|08,05,01,11,06
20160220-059|09,02,08,06,01
20160220-058|02,11,07,03,08
20160220-057|09,02,08,11,07
20160220-056|01,10,08,06,05
20160220-055|11,05,02,08,01
20160220-054|11,02,06,04,05
20160220-053|05,06,01,02,09
20160220-052|09,10,07,05,01
20160220-051|02,06,05,07,10
20160220-050|05,02,06,01,07
20160220-049|07,05,10,11,04
20160220-048|07,11,03,02,10
20160220-047|03,01,05,10,02
20160220-046|06,11,08,01,02
20160220-045|02,03,06,05,07
20160220-044|11,10,02,09,04
20160220-043|11,06,09,10,01
20160220-042|03,04,11,05,01
20160220-041|02,05,10,11,07
20160220-040|04,08,03,10,11
20160220-039|03,06,07,11,10
20160220-037|01,03,02,05,06
20160220-036|08,06,01,02,09
20160220-035|02,09,04,01,11
20160220-034|09,04,11,01,07
20160220-033|10,07,05,04,09
20160220-031|09,05,04,08,11
20160220-030|09,11,05,04,10
20160220-029|09,03,01,06,02
20160220-028|03,01,09,04,06
20160220-027|04,11,06,08,01
20160220-026|06,11,03,05,01
20160220-025|07,10,08,03,04
20160220-024|09,04,01,08,03
20160220-022|05,10,04,08,11
20160220-021|10,06,09,07,03
20160220-020|06,07,10,05,04
20160220-019|04,09,06,07,03
20160220-016|11,03,05,04,02
20160220-015|11,03,10,04,09
20160224-032|10,03,05,06,08
20160224-031|11,03,02,09,01
20160224-030|06,09,01,11,08
20160224-029|05,01,02,10,06
20160224-028|11,06,02,10,08
20160224-027|03,08,04,07,10
20160224-026|01,10,02,07,03
20160224-025|01,08,06,10,04
20160224-024|11,09,06,02,08
20160224-023|04,01,02,07,10
20160224-022|11,07,04,10,03
20160224-021|04,01,07,03,05
20160224-020|11,07,08,10,05
20160224-019|07,06,11,10,08
20160224-016|09,11,03,02,04
20160224-015|05,08,06,02,11
20160224-014|04,03,02,11,09
20160224-013|07,09,03,04,08
20160224-012|07,02,10,01,11
20160224-011|08,03,07,09,06
20160224-010|07,04,11,02,03
20160224-009|05,07,04,02,06
20160224-007|03,02,08,05,06
20160224-006|01,08,07,04,05
20160224-005|03,04,02,09,07
20160224-004|02,04,06,09,11
20160224-003|10,09,03,01,07
20160224-002|06,07,03,11,10
20160224-001|01,04,02,03,05
20160223-084|08,06,07,11,02
20160223-083|11,01,08,05,03
20160223-082|04,08,03,01,02
20160223-081|03,07,11,08,04
20160223-080|01,04,11,10,09
20160223-079|06,10,03,01,09
20160223-078|06,09,03,07,01
20160223-077|03,10,07,08,04
20160223-076|04,01,03,10,08
20160223-075|03,10,05,04,11
20160223-074|03,09,01,06,07
20160223-073|03,04,08,05,11
20160223-072|08,05,02,11,07
20160223-071|05,11,08,06,07
20160223-070|11,04,05,03,07
20160223-069|10,09,06,04,02
20160223-068|06,03,08,04,10
20160223-067|08,09,10,06,05
20160223-066|06,07,01,02,09
20160223-065|09,04,11,03,08
20160223-064|08,10,06,02,11
20160223-063|10,02,08,03,06
20160223-062|06,03,07,09,08
20160223-061|09,04,07,11,02
20160223-060|08,05,07,04,11
20160223-059|03,09,10,06,02
20160223-058|10,04,02,05,08
20160223-057|08,05,11,04,09
20160223-056|11,07,03,09,10
20160223-055|08,04,09,02,11
20160223-054|01,03,11,10,08
20160223-053|09,06,07,11,04
20160223-052|09,02,03,10,07
20160223-051|09,08,07,02,10
20160223-050|07,01,04,09,05
20160223-049|11,07,06,09,05
20160223-048|04,07,11,05,10
20160223-047|01,11,07,03,08
20160223-046|04,07,11,05,08
20160223-045|09,02,07,05,01
20160223-044|08,10,11,09,04
20160223-043|08,06,10,03,09
20160223-042|03,06,08,02,07
20160223-041|04,10,03,08,05
20160223-040|01,03,10,06,11
20160223-039|05,10,01,04,03
20160223-038|07,04,03,06,02
20160223-037|06,10,04,03,08
20160223-036|10,02,11,08,04
20160223-035|11,06,07,09,08
20160223-034|07,04,09,06,11
20160223-033|07,06,03,08,10
20160223-032|10,05,11,07,02
20160223-031|08,07,01,09,06
20160223-030|01,04,03,10,06
20160223-029|08,05,10,03,09
20160223-028|06,09,10,02,11
20160223-027|01,10,03,04,08
20160223-026|01,04,06,03,11
20160223-025|08,07,09,11,01
20160223-024|06,02,01,07,03
20160223-023|01,07,06,09,02
20160223-022|02,03,09,05,11
20160223-021|11,06,03,05,01
20160223-020|01,04,05,10,08
20160223-019|07,04,06,05,09
20160223-018|03,04,10,06,01
20160223-017|02,09,04,08,01
20160223-016|01,09,02,03,04
20160223-015|09,05,10,03,11
20160223-014|11,03,06,04,10
20160223-013|01,09,02,03,08
20160223-012|02,10,05,04,01
20160223-011|03,10,01,09,11
20160223-010|09,01,08,04,05
20160223-009|10,06,11,07,03
20160223-008|05,01,02,06,11
20160223-007|05,03,10,06,11
20160223-006|07,10,03,04,02
20160223-005|03,08,01,02,09
20160223-004|03,01,10,08,07
20160223-003|05,06,04,11,09
20160223-002|07,03,09,01,08
20160223-001|08,04,10,06,11
20160222-084|06,03,05,02,04
20160222-083|02,11,09,08,03
20160222-082|09,01,10,03,07
20160222-081|03,09,01,06,08
20160222-079|09,08,03,04,07
20160222-078|04,01,09,08,07
20160222-077|11,04,03,09,06
20160222-076|01,07,06,03,08
20160222-075|11,05,06,07,02
20160222-074|04,01,05,08,02
20160222-073|03,07,04,02,01
20160222-072|05,08,11,04,01
20160222-071|08,04,07,10,03
20160222-070|02,06,11,03,07
20160222-069|08,06,04,09,01
20160222-068|06,04,11,01,08
20160222-067|11,05,04,02,10
20160222-066|04,03,10,09,11
20160222-065|03,09,04,05,07
20160222-064|05,07,04,08,01
20160222-063|10,04,11,05,07
20160222-062|08,06,04,07,02
20160222-061|10,04,07,09,11
20160222-060|03,11,08,05,02
20160222-059|07,01,10,06,03
20160222-058|06,09,10,07,02
20160222-057|01,09,08,07,04
20160222-056|11,08,10,06,05
20160222-055|06,01,02,09,07
20160222-054|10,03,07,01,11
20160222-053|06,01,11,02,03
20160222-052|04,05,07,10,03
20160222-051|05,09,11,10,06
20160222-050|06,07,04,11,01
20160222-049|02,04,10,09,05
20160222-048|04,10,07,02,03
20160222-047|07,01,02,04,09
20160222-046|03,08,11,01,06
20160222-045|07,11,01,02,08
20160222-044|02,07,04,10,08
20160222-043|11,05,01,07,04
20160222-042|07,05,04,11,02
20160222-041|10,09,03,05,04
20160222-040|07,10,11,02,03
20160222-039|01,06,11,07,02
20160222-038|05,08,07,09,11
20160222-037|11,09,01,07,04
20160222-036|05,10,07,06,11
20160222-035|10,11,08,03,07
20160222-034|05,08,03,01,11
20160222-033|06,04,11,05,07
20160222-032|05,08,06,03,02
20160222-031|06,07,03,01,09
20160222-030|10,05,06,04,03
20160222-029|04,06,08,02,10
20160222-028|03,05,04,08,06
20160222-027|10,02,05,07,09
20160222-026|08,09,06,05,07
20160222-025|10,09,01,02,06
20160222-024|08,03,01,07,04
20160222-023|04,03,07,11,06
20160222-022|09,06,02,05,07
20160222-021|07,02,06,05,09
20160222-020|10,02,05,01,09
20160222-019|07,04,01,03,11
20160222-018|03,05,07,01,10
20160222-017|06,05,09,03,08
20160222-016|05,07,02,04,09
20160222-015|04,09,02,08,01
20160222-014|03,08,09,01,05
20160222-013|10,02,08,05,03
20160222-012|03,04,05,02,09
20160222-011|09,03,08,01,05
20160222-010|04,09,08,07,01
20160222-009|08,01,06,07,03
20160222-008|04,09,05,02,01
20160222-007|10,09,02,01,11
20160222-006|06,04,01,07,05
20160222-005|06,01,05,07,08
20160222-004|07,01,02,04,08
20160222-003|01,04,09,07,08
20160222-002|01,11,06,07,09
20160222-001|01,02,03,04,05
20160221-084|05,06,02,09,11
20160221-083|02,10,04,09,01
20160221-082|05,10,11,02,01
20160221-081|03,02,09,10,06
20160221-080|08,11,09,06,07
20160221-079|10,09,08,04,02
20160221-078|06,05,02,01,08
20160221-077|07,03,05,11,10
20160221-076|02,08,01,03,07
20160221-075|03,08,09,04,10
20160221-074|04,11,05,03,06
20160221-073|09,08,07,01,04
20160221-072|04,03,08,02,09
20160221-071|10,07,01,06,02
20160221-070|03,09,08,06,07
20160221-069|09,03,01,08,07
20160221-068|06,05,11,09,04
20160221-067|04,07,05,10,09
20160221-066|08,06,01,05,09
20160221-065|02,01,07,04,08
20160221-064|06,04,07,08,03
20160221-063|09,06,11,07,04
20160221-062|07,04,01,05,10
20160221-061|07,03,10,04,02
20160221-060|10,01,07,11,05
20160221-059|07,02,11,04,01
20160221-058|07,10,03,11,06
20160221-057|07,02,03,06,09
20160221-056|06,01,03,10,08
20160221-055|09,04,11,06,07
20160221-054|09,03,01,10,04
20160221-053|09,02,11,05,04
20160221-052|01,05,07,10,03
20160221-051|01,11,03,04,09
20160221-050|02,10,11,04,05
20160221-049|11,09,07,02,03
20160221-048|08,04,01,09,06
20160221-047|04,06,08,02,07
20160221-046|06,05,03,11,04
20160221-045|02,03,09,01,10
20160221-044|08,09,06,11,04
20160221-043|10,07,08,06,01
20160221-042|04,03,01,11,10
20160221-041|11,06,03,09,01
20160221-040|05,02,03,04,08
20160221-039|10,09,01,11,02
20160221-038|09,11,05,04,08
20160221-037|08,03,02,06,04
20160221-036|05,11,10,06,02
20160221-035|06,11,05,09,01
20160221-034|08,06,10,01,09
20160221-033|10,09,05,07,01
20160221-032|10,01,11,03,06
20160221-031|05,10,11,01,09
20160221-030|02,10,01,04,07
20160221-029|06,10,07,03,02
20160221-028|07,01,11,03,05
20160221-027|09,03,04,11,07
20160221-026|11,05,03,04,08
20160221-025|09,03,08,04,05
20160221-024|03,11,10,09,07
20160221-023|02,04,06,05,03
20160221-022|11,08,01,07,10
20160221-021|06,08,10,04,11
20160221-020|09,06,02,05,08
20160221-019|03,07,02,11,09
20160221-018|01,03,04,10,09
20160221-017|09,05,02,06,08
20160221-016|07,04,02,09,06
20160221-015|01,08,09,11,10